7208895099
7303404626
7498161661
7666183672
8433002299
8433140109
8433140115
8433140272
8433140533
8433141370
8433141510
8433141752
8433141842
8433141976
8433143189
8433143436
8433143560
8433144354
8433144891
8433145058
8433145272
8433145384
8433145445
8433145736
8433145860
8433146717
8433146823
8433147131
8433147704
8433147818
8433148020
8433148167
8433148296
8433148334
8433148593
8433148748
8433148880
8433148926
8433149235
8433149391
8433149395
8433149492
8433149928
8433149971
8433149986
8433150171
8433150385
8433150697
8433150905
8433151532
8433151640
8433152125
8433152205
8433152440
8433152600
8433152854
8433153154
8433153201
8433153468
8433153571
8433153707
8433153878
8433154200
8433154340
8433154603
8433154629
8433155057
8433155168
8433155265
8433155509
8433155510
8433155983
8433155990
8433156968
8433157535
8433157575
8433157749
8433157751
8433158156
8433158202
8433158935
8433159140
8433159157
8433159166
8433159370
8433159548
8433159930
8433160164
8433160617
8433160890
8433160905
8433161167
8433161203
8433161480
8433161728
8433161731
8433161818
8433161828
8433161940
8433162087
8433162165
8433162239
8433162309
8433162396
8433162437
8433162475
8433162660
8433162987
8433163070
8433163156
8433163223
8433163492
8433163606
8433164077
8433164277
8433164407
8433164435
8433164481
8433164643
8433164848
8433164974
8433165372
8433165502
8433165629
8433165638
8433165784
8433165875
8433165882
8433165889
8433166016
8433166184
8433166446
8433166489
8433166702
8433166882
8433166976
8433167009
8433167091
8433167286
8433167493
8433167500
8433167552
8433167812
8433167900
8433167941
8433167961
8433167975
8433168442
8433168463
8433168469
8433168517
8433168605
8433168659
8433168812
8433169050
8433169060
8433169518
8433169638
8433169743
8433169782
8433169858
8433170500
8433170684
8433170727
8433170808
8433170810
8433171265
8433171755
8433172202
8433172421
8433172432
8433172698
8433172740
8433172933
8433173199
8433173773
8433173867
8433174203
8433174410
8433174644
8433174848
8433175197
8433175561
8433175785
8433176649
8433176800
8433176823
8433176926
8433177191
8433177717
8433177726
8433177742
8433177799
8433178290
8433178615
8433178776
8433179095
8433179259
8433180023
8433180346
8433180923
8433181614
8433181617
8433182221
8433185103
8433186145
8433186549
8433187014
8433187710
8433187717
8433187767
8433187795
8433187933
8433187969
8433187994
8433187996
8433188113
8433188166
8433188235
8433188441
8433188717
8433188767
8433188976
8433189130
8433189248
8433189318
8433189426
8433189596
8433190017
8433190085
8433190115
8433190142
8433190397
8433190467
8433190718
8433191274
8433191698
8433192362
8433192927
8433200782
8433202062
8433203457
8433214550
8433217186
8433217193
8433217545
8433218182
8433218408
8433218570
8433219747
8433219812
8433220474
8433221127
8433221403
8433221424
8433221552
8433221610
8433221742
8433222056
8433222057
8433222166
8433222690
8433222887
8433223080
8433223357
8433223378
8433223405
8433223407
8433224087
8433224439
8433224811
8433224909
8433225033
8433225826
8433226357
8433226578
8433226626
8433226656
8433226892
8433227775
8433227889
8433228092
8433228109
8433228402
8433228838
8433229244
8433230188
8433230804
8433230910
8433231039
8433231383
8433231868
8433231881
8433232221
8433232244
8433232324
8433232360
8433232660
8433232667
8433232914
8433233154
8433233214
8433233787
8433234184
8433234303
8433234434
8433235866
8433235941
8433236226
8433236292
8433236310
8433236391
8433236622
8433236876
8433237312
8433237757
8433237920
8433237973
8433238036
8433238041
8433238093
8433238767
8433239203
8433239278
8433239379
8433239508
8433239972
8433240143
8433240306
8433240561
8433240662
8433241096
8433241110
8433241305
8433241348
8433242216
8433242300
8433242408
8433242606
8433242751
8433242795
8433242890
8433243166
8433243362
8433244377
8433244494
8433244676
8433245445
8433245447
8433245844
8433245955
8433246183
8433247809
8433248351
8433248785
8433248872
8433249484
8433249941
8433251122
8433251330
8433252029
8433252662
8433253189
8433253513
8433253708
8433253840
8433254215
8433254236
8433254678
8433254992
8433256027
8433256881
8433257125
8433257237
8433258101
8433258604
8433259154
8433259203
8433259583
8433259684
8433259963
8433259984
8433260015
8433260281
8433260799
8433260878
8433260884
8433261042
8433261540
8433261563
8433261652
8433261695
8433262174
8433262398
8433263123
8433263633
8433263788
8433264186
8433264755
8433265020
8433265477
8433266233
8433266682
8433267891
8433268210
8433268923
8433269223
8433269743
8433270129
8433270438
8433271212
8433272039
8433272492
8433272761
8433272813
8433273200
8433274056
8433274239
8433279191
8433279701
8433279926
8433280013
8433280066
8433280919
8433280956
8433281386
8433281711
8433282020
8433282195
8433283656
8433284193
8433285486
8433285700
8433286006
8433286161
8433286699
8433288376
8433288636
8433290308
8433291179
8433291211
8433292178
8433292252
8433293375
8433294242
8433294244
8433294476
8433294719
8433294720
8433294906
8433294950
8433295110
8433295123
8433295662
8433296565
8433296983
8433297042
8433297080
8433297084
8433297575
8433297733
8433298438
8433299708
8433299843
8433299922
8433299957
8433300048
8433300076
8433300233
8433300242
8433300246
8433300464
8433300686
8433300797
8433300853
8433300857
8433301230
8433301351
8433301353
8433301956
8433302065
8433302069
8433302277
8433302406
8433302779
8433302802
8433302960
8433303181
8433303491
8433303952
8433304081
8433304149
8433304193
8433304443
8433304661
8433307921
8433310705
8433311011
8433312466
8433312561
8433312673
8433312990
8433313219
8433313656
8433313837
8433313855
8433314013
8433314107
8433314329
8433315426
8433315659
8433315919
8433315995
8433316313
8433316655
8433316657
8433316763
8433317131
8433317171
8433317877
8433318338
8433319331
8433319549
8433319850
8433322230
8433322531
8433322656
8433324362
8433324511
8433324712
8433325122
8433325404
8433325535
8433326018
8433326066
8433326209
8433326863
8433327017
8433327100
8433327242
8433327446
8433327738
8433327748
8433328233
8433330102
8433330386
8433330660
8433331061
8433331317
8433331373
8433331584
8433331844
8433332333
8433332759
8433333162
8433333195
8433333250
8433333650
8433333737
8433333772
8433334123
8433336455
8433337454
8433344224
8433345757
8433373037
8433373441
8433373789
8433374406
8433374753
8433375336
8433375692
8433376155
8433376384
8433377188
8433377220
8433377225
8433378436
8433378727
8433378735
8433378755
8433378758
8433378817
8433379068
8433385333
8433385480
8433385722
8433385790
8433385791
8433385828
8433385878
8433387773
8433388227
8433388356
8433388580
8433388821
8433388951
8433389660
8433390468
8433391227
8433392224
8433392414
8433393680
8433393790
8433394137
8433394220
8433394448
8433394865
8433396807
8433397810
8433398287
8433398298
8433398332
8433398345
8433398349
8433398819
8433400403
8433406809
8433413065
8433413154
8433414709
8433414860
8433415300
8433421541
8433421611
8433422199
8433422231
8433423268
8433423318
8433424201
8433425788
8433428483
8433429017
8433429656
8433429837
8433429914
8433429921
8433440552
8433440565
8433440577
8433441644
8433442646
8433443424
8433443636
8433444114
8433444303
8433444677
8433444900
8433445491
8433445547
8433445810
8433446183
8433446272
8433446478
8433446970
8433447092
8433447268
8433447547
8433447681
8433447814
8433447932
8433448066
8433448145
8433449011
8433450145
8433450186
8433452827
8433452902
8433453965
8433453987
8433453994
8433454254
8433454551
8433454678
8433455041
8433455125
8433455168
8433456238
8433456256
8433456356
8433456525
8433457113
8433458289
8433459887
8433467687
8433468603
8433469255
8433469273
8433469403
8433469556
8433470002
8433470022
8433470073
8433470107
8433470406
8433470788
8433471011
8433471395
8433471859
8433471891
8433472025
8433472118
8433472124
8433472134
8433472283
8433472687
8433472719
8433472743
8433472802
8433472829
8433472870
8433472989
8433473551
8433473601
8433473676
8433473734
8433474054
8433474067
8433474078
8433474118
8433474338
8433474449
8433475187
8433475210
8433475631
8433476090
8433476164
8433476503
8433476968
8433477314
8433477488
8433478312
8433478449
8433478477
8433479038
8433479181
8433479539
8433479584
8433479680
8433480522
8433480867
8433481131
8433481213
8433481244
8433481459
8433481525
8433481651
8433482046
8433482163
8433482170
8433482329
8433482399
8433482642
8433482969
8433483449
8433483468
8433483547
8433483619
8433483737
8433483867
8433484051
8433484192
8433484265
8433484370
8433484477
8433484642
8433484671
8433484812
8433484838
8433485245
8433485298
8433485789
8433485869
8433485929
8433486396
8433486421
8433486524
8433486800
8433487037
8433487209
8433487297
8433487520
8433487673
8433487766
8433487830
8433487855
8433487979
8433488016
8433488093
8433488200
8433488489
8433488610
8433488961
8433489057
8433489246
8433489750
8433489807
8433489964
8433490117
8433490157
8433490438
8433490739
8433491104
8433491206
8433491386
8433491626
8433491812
8433491886
8433492352
8433492682
8433492848
8433493014
8433493128
8433493203
8433493454
8433493630
8433493785
8433493873
8433493939
8433494162
8433494476
8433494479
8433494647
8433494902
8433495081
8433495225
8433495497
8433495585
8433495741
8433495941
8433496028
8433496066
8433496275
8433496415
8433497321
8433497441
8433497456
8433497519
8433497584
8433497689
8433497940
8433498806
8433498823
8433498920
8433499081
8433499264
8433499387
8433499401
8433499615
8433499639
8433600252
8433600332
8433600363
8433600376
8433600907
8433601435
8433603290
8433603403
8433603413
8433603418
8433603562
8433603573
8433603620
8433603645
8433603683
8433603772
8433603773
8433603873
8433604102
8433604169
8433604524
8433605234
8433605235
8433605311
8433605738
8433605762
8433605805
8433605931
8433606069
8433606922
8433607087
8433608855
8433609143
8433609264
8433609293
8433609400
8433609744
8433609993
8433610066
8433610085
8433610688
8433610758
8433611131
8433611446
8433611485
8433611926
8433612054
8433612249
8433612336
8433612380
8433613088
8433613214
8433613250
8433613318
8433613522
8433613587
8433613970
8433613992
8433614006
8433614336
8433614434
8433614466
8433614556
8433614655
8433614800
8433614813
8433615001
8433615053
8433615155
8433615500
8433615602
8433615768
8433615770
8433616410
8433616469
8433616560
8433616620
8433616774
8433617181
8433617190
8433617197
8433618118
8433618328
8433619674
8433619718
8433619884
8433619893
8433620659
8433621839
8433621851
8433621933
8433622367
8433622368
8433622908
8433623512
8433623550
8433623618
8433623846
8433623910
8433624133
8433624456
8433625061
8433625212
8433625402
8433625889
8433626078
8433626264
8433626467
8433627278
8433627353
8433627567
8433627630
8433627671
8433627717
8433627856
8433627947
8433628405
8433628484
8433628897
8433629003
8433629292
8433629370
8433629575
8433629925
8433630012
8433630143
8433630482
8433630497
8433630906
8433631066
8433631742
8433631872
8433631992
8433631995
8433632121
8433632213
8433632630
8433633066
8433633131
8433633741
8433634030
8433634101
8433634484
8433634522
8433634558
8433634612
8433634633
8433635251
8433635735
8433635841
8433635903
8433635940
8433636137
8433636536
8433636537
8433637392
8433637426
8433637427
8433637467
8433637812
8433638756
8433639491
8433639948
8433640025
8433640262
8433640474
8433640540
8433640575
8433641171
8433641353
8433641447
8433641615
8433642417
8433642995
8433643077
8433643131
8433643200
8433643716
8433644079
8433644251
8433644282
8433644433
8433644705
8433644806
8433644828
8433647404
8433648152
8433648363
8433648627
8433648645
8433648893
8433649376
8433649394
8433649754
8433649790
8433650055
8433650433
8433650453
8433650522
8433650800
8433650955
8433651012
8433651163
8433651216
8433651231
8433651316
8433651320
8433651369
8433651550
8433651652
8433651686
8433651693
8433651943
8433652094
8433652162
8433652388
8433652420
8433652506
8433652512
8433652549
8433652596
8433653116
8433653120
8433653138
8433653332
8433653514
8433653968
8433654011
8433654299
8433654748
8433654880
8433655092
8433655100
8433655148
8433655504
8433655567
8433655578
8433655594
8433655839
8433655911
8433655960
8433657640
8433657680
8433657810
8433658003
8433658073
8433658669
8433658946
8433658968
8433659056
8433659096
8433660204
8433660663
8433660702
8433660832
8433660951
8433661112
8433661141
8433661147
8433661227
8433661246
8433661339
8433661348
8433661759
8433661866
8433662011
8433662160
8433662315
8433662321
8433662348
8433662350
8433662424
8433662599
8433662838
8433664593
8433664899
8433664986
8433665018
8433665041
8433665454
8433665549
8433665719
8433666055
8433666069
8433666084
8433666086
8433666094
8433666177
8433666252
8433666351
8433666360
8433666363
8433666440
8433666487
8433666502
8433666506
8433666552
8433666800
8433667132
8433667137
8433667208
8433667400
8433668015
8433668173
8433668307
8433668345
8433669080
8433669090
8433669154
8433669224
8433669345
8433669479
8433670121
8433670264
8433670397
8433670435
8433671010
8433671259
8433671523
8433671815
8433672207
8433672260
8433672286
8433672368
8433672464
8433673089
8433673107
8433673219
8433673440
8433673553
8433673593
8433673731
8433674029
8433674224
8433674264
8433674271
8433674308
8433674311
8433674349
8433674477
8433674800
8433674884
8433674927
8433674966
8433675388
8433675500
8433675601
8433675797
8433675872
8433675877
8433675944
8433676050
8433676116
8433676473
8433676524
8433677277
8433677308
8433677438
8433677484
8433677544
8433677547
8433677617
8433677625
8433677738
8433677837
8433677840
8433677923
8433678304
8433678414
8433678638
8433678646
8433678752
8433678930
8433678958
8433679029
8433679362
8433679738
8433679741
8433679742
8433679804
8433679911
8433680320
8433680387
8433680946
8433681851
8433681981
8433682731
8433683887
8433684020
8433684245
8433684365
8433711253
8433711313
8433711345
8433711377
8433712245
8433712699
8433712724
8433712843
8433718442
8433776060
8433811313
8433830450
8433838383
8433839949
8433844558
8433844848
8433849090
8433857070
8433877738
8433886060
8433896696
8433956060
8433977143
8433992100
9004969970
9029018183
9029077011
9029334868
9029795056
9076176175
9146000104
9146000157
9146000166
9146000464
9146000700
9146000732
9146001101
9146001102
9146001108
9146006987
9146007510
9146008331
9146010011
9146010412
9146016275
9146017011
9146017624
9146017766
9146019981
9146020076
9146022398
9146022877
9146023658
9146023820
9146024006
9146024942
9146025302
9146025559
9146029517
9146030284
9146030361
9146030840
9146031383
9146033313
9146033647
9146034558
9146034859
9146037249
9146037785
9146038215
9146039776
9146042223
9146042271
9146043374
9146043954
9146044857
9146044874
9146044880
9146045014
9146045145
9146045399
9146046044
9146047219
9146047374
9146047773
9146047788
9146047793
9146047796
9146048102
9146048856
9146049163
9146049390
9146050303
9146050472
9146050505
9146050981
9146051551
9146053622
9146053789
9146054799
9146055371
9146055600
9146055967
9146056735
9146059313
9146059798
9146059872
9146060100
9146060768
9146061091
9146061137
9146061820
9146063857
9146064344
9146066302
9146066800
9146067655
9146068648
9146069077
9146069121
9146069499
9146071457
9146072557
9146074847
9146077376
9146077556
9146077574
9146077734
9146077910
9146080246
9146083115
9146083902
9146085334
9146085573
9146085806
9146086654
9146087244
9146089254
9146090956
9146091240
9146092156
9146092668
9146093467
9146093668
9146093694
9146093996
9146094054
9146094161
9146094219
9146094686
9146095050
9146096344
9146098068
9146098332
9146099459
9146101691
9146102522
9146102818
9146105733
9146107558
9146107773
9146107851
9146109153
9146109304
9146109766
9146109834
9146109956
9146110279
9146112365
9146112909
9146113139
9146114464
9146115152
9146115495
9146115529
9146115703
9146116131
9146116166
9146116176
9146117472
9146117881
9146118289
9146119604
9146120168
9146121055
9146123647
9146124437
9146124443
9146125026
9146125510
9146126339
9146126348
9146127128
9146127529
9146129138
9146129146
9146129181
9146129445
9146129911
9146129997
9146130003
9146130030
9146130091
9146130150
9146130171
9146130767
9146131050
9146131219
9146131239
9146131738
9146131753
9146132116
9146132824
9146132955
9146133559
9146133778
9146134017
9146134296
9146135190
9146135488
9146136044
9146136186
9146136669
9146137783
9146138553
9146138778
9146138821
9146139243
9146139288
9146141663
9146142392
9146142892
9146143488
9146143867
9146144293
9146144430
9146144614
9146145541
9146145618
9146145968
9146148265
9146150317
9146150546
9146150859
9146151321
9146152911
9146154362
9146154447
9146156146
9146158601
9146159797
9146161394
9146163138
9146164123
9146166715
9146167306
9146167773
9146167919
9146169137
9146169605
9146169615
9146169645
9146170664
9146170857
9146171485
9146172591
9146172724
9146173183
9146173827
9146174553
9146174780
9146174993
9146175237
9146175306
9146176269
9146176313
9146176360
9146176497
9146176764
9146177618
9146177715
9146177734
9146177942
9146178050
9146179473
9146179851
9146180220
9146181100
9146183536
9146184400
9146184855
9146186577
9146187059
9146187740
9146188473
9146189056
9146189491
9146191373
9146193949
9146194081
9146194828
9146195012
9146195499
9146197385
9146199181
9146201118
9146202402
9146203656
9146207210
9146208683
9146213091
9146215260
9146215407
9146215544
9146216722
9146216935
9146217701
9146217776
9146219868
9146221119
9146221226
9146222078
9146222164
9146222355
9146227678
9146227955
9146228015
9146228886
9146229580
9146230234
9146230830
9146232062
9146232095
9146232308
9146232971
9146233782
9146233944
9146234243
9146235554
9146235614
9146235983
9146238884
9146241632
9146243300
9146244255
9146244944
9146247338
9146247760
9146248218
9146249408
9146250544
9146250742
9146250751
9146254080
9146254937
9146254945
9146254959
9146255525
9146255639
9146255640
9146256088
9146256602
9146257546
9146257647
9146260202
9146261446
9146262929
9146263220
9146263613
9146263662
9146264789
9146265780
9146266292
9146266588
9146266641
9146266773
9146267876
9146269090
9146269722
9146270006
9146270663
9146271041
9146273838
9146276625
9146276807
9146277422
9146277665
9146278927
9146279811
9146280518
9146280665
9146282660
9146282699
9146292080
9146292626
9146293317
9146293344
9146295533
9146295597
9146295617
9146296096
9146296284
9146296624
9146298205
9146298340
9146298780
9146299196
9146299266
9146299471
9146300181
9146300409
9146300631
9146301501
9146301565
9146301691
9146301835
9146303139
9146303140
9146303148
9146304214
9146304340
9146304690
9146304809
9146305045
9146305746
9146306351
9146307064
9146307515
9146307902
9146308020
9146308174
9146308542
9146308850
9146309022
9146310056
9146310231
9146311156
9146311773
9146312070
9146312870
9146312974
9146313324
9146313664
9146314020
9146314211
9146314442
9146317161
9146321010
9146321191
9146322433
9146322597
9146323311
9146324467
9146327096
9146327512
9146327567
9146327653
9146328881
9146329144
9146330420
9146333040
9146333704
9146333787
9146334440
9146339991
9146343432
9146354099
9146357267
9146357677
9146361177
9146368400
9146374736
9146375811
9146376953
9146377001
9146385551
9146390072
9146390436
9146392868
9146394401
9146396006
9146396847
9146396907
9146398073
9146398099
9146398787
9146399283
9146399355
9146401113
9146401606
9146402379
9146402631
9146403252
9146403340
9146403433
9146403556
9146403627
9146403634
9146404225
9146405180
9146405455
9146406458
9146406474
9146407077
9146407158
9146407807
9146407887
9146408017
9146408545
9146410395
9146411661
9146412020
9146413572
9146413830
9146417696
9146418075
9146419732
9146420157
9146420301
9146421005
9146421677
9146422789
9146428429
9146428767
9146433118
9146435131
9146435848
9146436178
9146436193
9146436198
9146438752
9146439714
9146440314
9146443508
9146444106
9146444744
9146444868
9146446796
9146448016
9146451276
9146452422
9146452546
9146453488
9146456456
9146461765
9146464267
9146464432
9146465984
9146466969
9146468484
9146473920
9146474391
9146475802
9146477976
9146478005
9146478275
9146478319
9146478422
9146478461
9146484484
9146486683
9146487989
9146488959
9146489151
9146489875
9146490005
9146490197
9146490369
9146490522
9146490534
9146490628
9146490659
9146490727
9146491233
9146491279
9146491489
9146491839
9146492075
9146492878
9146492952
9146493247
9146493257
9146493474
9146493491
9146493890
9146494131
9146494952
9146497929
9146498170
9146498315
9146498645
9146499327
9146499641
9146504285
9146504300
9146504428
9146505050
9146505656
9146505763
9146506118
9146506367
9146506602
9146507383
9146507396
9146508232
9146508408
9146510371
9146510412
9146510587
9146510665
9146510760
9146511111
9146513316
9146513379
9146515200
9146515826
9146515839
9146515960
9146521810
9146522290
9146523455
9146525169
9146525336
9146525343
9146526671
9146526828
9146527017
9146528914
9146528968
9146529912
9146529917
9146530043
9146530127
9146530298
9146530366
9146530687
9146530762
9146530865
9146531039
9146531407
9146531637
9146532176
9146532276
9146532805
9146532931
9146532975
9146533139
9146533154
9146533293
9146533486
9146533593
9146533898
9146534360
9146534527
9146535457
9146535710
9146536076
9146536733
9146537106
9146537557
9146537588
9146537649
9146538148
9146538885
9146538968
9146538969
9146540029
9146540035
9146540136
9146540383
9146540721
9146541414
9146541899
9146541934
9146542262
9146542283
9146542601
9146543836
9146543883
9146544117
9146544409
9146544435
9146544446
9146544548
9146544628
9146544733
9146545216
9146545368
9146545614
9146545942
9146546272
9146546528
9146546570
9146546678
9146546903
9146547471
9146548076
9146548203
9146548757
9146549687
9146549708
9146549955
9146550523
9146550547
9146550593
9146551101
9146551779
9146551902
9146552010
9146553029
9146553191
9146553423
9146553885
9146553977
9146553997
9146554158
9146556031
9146556579
9146558722
9146560611
9146560655
9146560792
9146560929
9146561176
9146561229
9146561304
9146561565
9146561930
9146562066
9146562088
9146562151
9146562177
9146562369
9146562523
9146562686
9146563193
9146563710
9146563831
9146564920
9146565088
9146565405
9146565542
9146565602
9146565964
9146566206
9146566392
9146566419
9146566686
9146566943
9146567042
9146567168
9146567261
9146568554
9146568937
9146569462
9146569556
9146570328
9146570386
9146570624
9146570919
9146571218
9146571316
9146571334
9146571788
9146571799
9146572126
9146573924
9146574681
9146575032
9146575159
9146576237
9146576726
9146577673
9146578393
9146578716
9146579380
9146580074
9146580450
9146580458
9146580881
9146580978
9146581203
9146581364
9146581687
9146581854
9146582415
9146583400
9146584441
9146584758
9146648845
9146650481
9146651828
9146652694
9146652929
9146653042
9146653498
9146653574
9146654121
9146654428
9146654916
9146655341
9146656606
9146657440
9146657485
9146657799
9146657976
9146658288
9146658421
9146659433
9146660020
9146660928
9146661451
9146661658
9146662363
9146663607
9146665102
9146665574
9146667296
9146667514
9146668997
9146670896
9146671095
9146671457
9146671604
9146671979
9146672774
9146673122
9146674049
9146674374
9146674764
9146674819
9146675230
9146675310
9146675852
9146675990
9146677501
9146680101
9146680523
9146683057
9146683320
9146683413
9146683940
9146685571
9146686230
9146686530
9146686741
9146687549
9146689266
9146690551
9146690578
9146691816
9146691818
9146691832
9146692136
9146692183
9146692244
9146692264
9146692308
9146695014
9146695202
9146695849
9146695908
9146695930
9146696686
9146697155
9146697826
9146698822
9146698981
9146699296
9146699438
9146699734
9146701012
9146704048
9146704092
9146704489
9146704535
9146704690
9146704894
9146705779
9146705941
9146706255
9146706360
9146706739
9146706887
9146707289
9146707811
9146708289
9146710001
9146710002
9146710039
9146710057
9146710063
9146710076
9146710177
9146710200
9146710268
9146710318
9146710336
9146710341
9146710358
9146710384
9146710395
9146710449
9146710457
9146710542
9146710546
9146710605
9146710838
9146711015
9146711115
9146711223
9146711298
9146711359
9146711771
9146711808
9146711855
9146711885
9146711966
9146712006
9146712010
9146712080
9146712644
9146712701
9146712955
9146715472
9146715654
9146715717
9146716710
9146716934
9146717887
9146718810
9146720284
9146720340
9146721052
9146721382
9146722357
9146722989
9146724036
9146724566
9146725274
9146726340
9146726425
9146727001
9146727011
9146727041
9146727662
9146727898
9146728075
9146728135
9146728659
9146728870
9146729311
9146729782
9146729798
9146730040
9146730125
9146730427
9146731983
9146732037
9146732186
9146732514
9146734086
9146734272
9146734410
9146736177
9146736270
9146736541
9146736608
9146736677
9146736739
9146737322
9146738228
9146738747
9146739199
9146739349
9146739733
9146739808
9146739863
9146740165
9146741844
9146742825
9146742827
9146743318
9146743357
9146743785
9146744061
9146744278
9146747248
9146747575
9146762876
9146764442
9146769911
9146771351
9146771414
9146771514
9146777177
9146777887
9146796665
9146808654
9146814446
9146835557
9146842168
9146842417
9146842614
9146842626
9146842685
9146844066
9146844430
9146844820
9146844954
9146845005
9146845307
9146845687
9146845868
9146845986
9146845991
9146846082
9146846386
9146846798
9146846838
9146847024
9146847110
9146847118
9146847133
9146847562
9146848136
9146848231
9146849933
9146850201
9146850221
9146850427
9146850956
9146851636
9146852344
9146852548
9146853354
9146853943
9146855303
9146855574
9146855758
9146856065
9146856198
9146856375
9146856914
9146857194
9146857602
9146857692
9146857812
9146857875
9146858012
9146858286
9146858361
9146858740
9146859516
9146859914
9146860783
9146861131
9146861408
9146861720
9146861794
9146861822
9146862046
9146862091
9146862387
9146862573
9146862673
9146863707
9146863799
9146863925
9146864053
9146864181
9146864227
9146864518
9146864833
9146864943
9146864975
9146866032
9146867134
9146867250
9146867481
9146867696
9146867809
9146868675
9146868736
9146869017
9146869102
9146869112
9146870001
9146870612
9146870939
9146871189
9146871788
9146871967
9146872205
9146872263
9146872717
9146873031
9146874550
9146874910
9146875428
9146875429
9146876174
9146876228
9146876335
9146876817
9146877037
9146877195
9146877972
9146878737
9146879411
9146879784
9146879898
9146880040
9146880242
9146880424
9146880454
9146880466
9146881120
9146881463
9146888001
9146888255
9146888286
9146916622
9146932424
9146942512
9146946986
9146983488
9146988697
9146989589
9146993172
9146993387
9146993534
9220552041
9220619719
9220702302
9220977760
9221000350
9221026586
9221282274
9221457641
9222027570
9222162584
9222313537
9223374448
9223497128
9224244099
9224289133
9224472207
9224753411
9320042002
9320049003
9320093700
9320248896
9320377981
9320446116
9320657565
9321587015
9321918889
9321999698
9322058314
9322083402
9322221414
9322258108
9322293946
9322349334
9322457333
9322540759
9322702246
9322848896
9323122922
9323215225
9323466606
9323484541
9323492707
9323546746
9323883032
9323909988
9324787022
9324804659
9324960066
9594706578
9619383355
9702363148
9702452341
9757101077
9819186710
9819845535
9833094781
9833147279
9833772700
9867129087
9867213298
9867679312
9869165579
9869414474
9869589626
9892474903
9892644763
9892851027
9930020504
9969391810
