9145017697
9145046527
9145068628
9145059912
9145076019
9145096533
9145045464
9145094385
9145096097
9145029860
9145129289
9145128133
9145135053
9145142736
9145138843
9145073659
9145145277
9145171153
9145174674
9145166076
9145167521
9145172636
9145189679
9145166003
9145192724
9145188257
9145176756
9145211510
9145185534
9145219725
9145213709
9145207226
9145235253
9145224385
9145252078
9145205812
9145241984
9145216293
9145257634
9145259901
9145261419
9145267798
9145262379
9145264845
9145273330
9145265769
9145267807
9145300801
9145320903
9145321281
9145334076
9145271813
9145347779
9145338519
9145362801
9145367887
9145341097
9145384357
9145383853
9145380473
9145387535
9145406618
9145394436
9145396850
9145406166
9145412506
9145408937
9145417356
9145446734
9145447636
9145461490
9145442158
9145465878
9145464376
9145469541
9145489208
9145486287
9145477066
9145493233
9145489132
9145478398
9145487703
9145505518
9145495399
9145506188
9145515287
9145538557
9145542625
9145535748
9145546275
9145547495
9145542847
9145557110
9145546472
9145560300
9145568502
9145570313
9145578113
9145572715
9145577455
9145610544
9145636311
9145601340
9145645241
9145659426
9145662858
9145668936
9145657233
9145679772
9145674328
9145698740
9145703051
9145701764
9145720503
9145719995
9145712687
9145703181
9145708123
9145712639
9145718695
9145724173
9145723755
9145714264
9145756974
9145758504
9145711985
9145755391
9145763088
9145775532
9145782845
9145805052
9145810466
9145801511
9145800416
9145813214
9145808176
9145824545
9145826438
9145834074
9145837435
9145821802
9145835704
9145843325
9145845129
9145847127
9145850054
9145852682
9145857728
9145858372
9145856753
9145859548
9145858507
9145861858
9145870165
9145868058
9145884039
9145893913
9145900156
9145906058
9145905361
9145909306
9145911285
9145912721
9145917569
9145924253
9145942405
9145922627
9145941659
9145945907
9145946413
9145947880
9145945783
9145945336
9145949989
9145954213
9145953102
9145954207
9145956393
9145964383
9145966886
9145972281
9145974230
9145977350
9145979620
9145980640
9145979793
9145978346
9145995775
