9137613274
9137613831
9137614088
9137614109
9137614112
9137615481
9137617073
9137618332
9137618390
9137618645
9137618965
9137619803
9137620270
9137620890
9137620896
9137620898
9137620899
9137620910
9137620965
9137621147
9137632653
9137632661
9137635057
9137636290
9137636554
9137636607
9137686868
9137703949
9137705348
9137706982
9137707414
9137708269
9137708828
9137713241
9137721344
9137721965
9137723007
9137723972
9137724248
9137743750
9137746831
9137747041
9137747090
9137747944
9137748175
9137748385
9137749200
9137752372
9137752532
9137753295
9137764186
9137764726
9137764837
9137764924
9137916586
9137916642
9137916702
9137917880
9137918302
9137919575
9137920835
9137924925
9137925625
9137925628
9137927342
9137927521
9137927842
9137928100
9137931500
9137932414
9137932611
9137932863
9137933062
9137934163
9137934336
9137934827
9137934955
9137936099
9137936155
9137937679
9137938728
9137939429
9137940827
9137951696
9137952409
9137952896
9137953772
9137954074
9137957039
9137957539