9152576954
9152581978
9152612869
9152613480
9152644312
9152667458
9152914298
9152992748
9152238604
9152410600
9152434377
9152460491
9152564685
9152568122
9152579118
9152664959
9152680965
9152685079
9152788907
9152802615
9152923566
9152085101
9152159556
9152163150
9152291087
9152475596
9152581769
9152590694
9152605548
9152635717
9152805441
9152985174
9152077613
9152363346
9152526748
9152599307
9152647474
9152996046
9152088015
9152470108
9152499810
9152508183
9152545845
9152618072
9152652749
9152665961
9152728988
9152780992
9152104439
9152189033
9152195829
9152367016
9152548963
9152583479
9152622991
9152737114
9152914559
9152952048
9152136788
9152142101
9152166697
9152194082
9152222425
9152229824
9152258589
9152291883
9152319781
9152330413
9152340731
9152347238
9152347281
9152409778
9152522216
9152543224
9152574410
9152612972
9152623107
9152665358
9152728649
9152766446
9152771548
9152820184
9152820844
9152925784
9152945764
9152949365
9152949460
9152951005
9152991645
9152104698
9152197970
9152541476
9152555133
9152625113
9152626447
9152646267
9152846421
9152061417
9152101676
9152429207
9152535678
9152618023
9152636579
9152728561
9152752986
9152056310
9152305902
9152331323
9152396983
9152509246
9152536186
9152633433
9152732641
9152733506
9152738160
9152760780
9152047299
9152088302
9152168558
9152330816
9152338681
9152360418
9152396515
9152411098
9152454616
9152467407
9152561174
9152612550
9152619737
9152704366
9152804289
9152861685
9152910357
9152160780
9152513400
9152558858
9152631629
9152684852
9152698516
9152705585
9152770525
9152771036
9152775518
9152794434
9152162982
9152296088
9152350620
9152372721
9152464289
9152596579
9152634940
9152742518
9152802069
9152811095
9152977984
9152039803
9152107419
9152242004
9152329861
9152333318
9152444428
9152509510
9152522178
9152575298
9152682154
9152724910
9152782552
9152804045
9152855898
9152102096
9152161913
9152325633
9152353527
9152377639
9152631273
9152783116
9152783418
9152805680
9152109388
9152228406
9152228431
9152273728
9152365324
9152551300
9152684681
9152780386
9152805146
9152856630
9152958620
9152036662
9152064445
9152136541
9152240043
9152295289
9152321095
9152369011
9152395063
9152439478
9152443127
9152446499
9152490429
9152521153
9152533960
9152611171
9152624065
9152665045
9152677698
9152802454
9152920706
9152951043
9152963978
9152086160
9152180926
9152330764
9152405393
9152438056
9152470489
9152559503
9152575823
9152671750
9152769023
9152810287
9152916606
9152962833
9152047603
9152167261
9152197249
9152238495
9152418907
9152478855
9152534368
9152658125
9152677285
9152703806
9152784824
9152920606
9152963056
9152517334
9152522496
9152582001
9152640418
9152693954
9152763014
9152794696
9152837342
9219237455
9152294239
9152332496
9152375387
9152431755
9152542279
9152599565
9152611880
9152680767
9152686744
9152725690
9152964784
9152970051
9152076653
9152198169
9152340702
9152383810
9152559384
9152710978
9152712021
9152792664
9152913065
9152930335
9152968323
9152367163
9152401652
9152408906
9152441339
9152537484
9152539085
9152917511
9152925224
9152057158
9152073831
9152402892
9152519096
9152551967
9152651928
9152661817
9152726197
9152794758
9152984918
9152988559
9152994262
9152014138
9152085996
9152088113
9152160816
9152180465
9152283635
9152338105
9152522896
9152631790
9152652748
9152768878
9152796933
9152805472
9152831041
9152085620
9152176271
9152249724
9152399625
9152662115
9152686735
9152715183
9152716835
9152804861
9152830757
9152924961
9152042587
9152063304
9152087335
9152109200
9152128889
9152165872
9152182384
9152222817
9152226853
9152227443
9152267143
9152269437
9152276663
9152278581
9152285676
9152287827
9152297111
9152321898
9152332411
9152333477
9152348174
9152394579
9152460057
9152485311
9152495648
9152571691
9152787272
9152810303
9152918428
9152921673
9152922550
9152923739
9152928644
9152954759
9152159640
9152295277
9152540313
9152664119
9152965269
9152168017
9152254218
9152429304
9152488188
9152571184
9152652730
9152754204
9152794986
9152858863
9152865075
9152874120
9152142546
9152226748
9152365819
9152436271
9152509728
9152674791
9152732476
9152735373
9152788429
9152796635
9152972527
9152061602
9152354808
9152434167
9152435747
9152578195
9152703513
9152796062
9368478910
9152101749
9152271413
9152383199
9152504671
9152550255
9152590463
9152625050
9152735310
9152160670
9152300728
9152321720
9152601798
9152716338
9152334074
9152338122
9152416036
9152615491
9152619462
9152658376
9152710870
9152724207
9152958298
9152596441
9152725344
9152760742
9152964710
9152967610
9152968411
9152014101
9152084996
9152227188
9152289421
9152509302
9152667493
9152677880
9152715215
9152747534
9152913818
9152956556
9152965927
9152970376
9152047812
9152060861
9152103456
9152105499
9152111637
9152161789
9152166012
9152169995
9152176565
9152184075
9152212084
9152222833
9152225115
9152305095
9152335718
9152341420
9152344810
9152346846
9152347606
9152362505
9152396760
9152465388
9152523450
9152527776
9152595645
9152736656
9152774183
9152776028
9152782849
9152868612
9152913922
9152927328
9152944479
9152947923
9152949356
9152951085
9152951278
9152954686
9152957287
9152174122
9152226100
9152441373
9152565943
9152759392
9152971938
9152195963
9152496036
9152533439
9152553252
9152582387
9152813802
9152841308
9152900311
9152910192
9152167047
9152213615
9152266645
9152383140
9152486904
9152513059
9152596422
9152645542
9152647310
9152724857
9152808630
9152952662
9152396054
9152466590
9152499561
9152552839
9152618366
9152656557
9152683417
9152747728
9152800820
9152890542
9152965840
9152983549
9152073155
9152087039
9152089033
9152102205
9152661884
9152685964
9152980390
9152089927
9152174821
9152625682
9152702825
9152864095
9152986074
9152459948
9152464795
9152587143
9152724738
9152832479
9152169813
9152448843
9152605072
9152884011
9152219744
9152236342
9152364813
9152474998
9152663526
9152694546
9152772282
9152054950
9152190543
9152223550
9152283215
9152291060
9152294438
9152346244
9152376280
9152408867
9152430072
9152464194
9152503065
9152552212
9152555732
9152571208
9152581802
9152586618
9152641840
9152687832
9152698853
9152739847
9152854086
9152910174
9152919685
9152919764
9152924762
9152949652
9152951193
9152964778
9152988409
9152048585
9152063880
9152215749
9152404381
9152573645
9152585407
9152609449
9152728726
9152796171
9152199396
9152297521
9152467917
9152529310
9152559709
9152577203
9152621256
9152628459
9152724682
9152840259
9152929316
9152191361
9152452934
9152460095
9152610064
9152647714
9152910195
9152355018
9152418516
9152532924
9152553496
9152576125
9152855056
9152983864
9152108960
9152169326
9152220027
9152359482
9152464024
9152528790
9152582867
9152599556
9152599748
9152671698
9152692662
9152770405
9152816393
9152928175
9152021850
9152217277
9152272077
9152319186
9152329560
9152362242
9152441813
9152521444
9152775707
9152800934
9152811047
9152869685
9152106978
9152285680
9152335922
9152386617
9152561746
9152593244
9152835363
9152840166
9152855393
9152912453
9152381719
9152573130
9152695602
9152726168
9152856293
9152168610
9152321879
9152554522
9152749573
9152800915
9152818901
9152825021
9152928859
9152107910
9152111101
9152123269
9152175436
9152207345
9152256065
9152257776
9152293655
9152296306
9152423176
9152466656
9152549627
9152556575
9152607031
9152636538
9152642496
9152650363
9152669645
9152677550
9152771052
9152793064
9152869709
9152910183
9152921988
9152926189
9152949672
9152950301
9152955050
9152991607
9152994692
9152027599
9152057640
9152791426
9152916907
9152988546
9152534484
9152552214
9152957420
9152959529
9152963221
9152072839
9152279522
9152368752
9152409307
9152412401
9152420757
9152674527
9152273759
9152519865
9152607212
9152754203
9152764001
9152799152
9152179130
9152407832
9152469225
9152504966
9152580418
9152604900
9152633202
9152790359
9152804355
9152831098
9152917849
9152956958
9152969213
9152992552
9152080311
9152274289
9152321638
9152487311
9152546433
9152604674
9152634899
9152710676
9152864116
9152913290
9152455755
9152505913
9152514620
9152598157
9152640293
9152750957
9152925643
9152966190
9152086481
9152603496
9152637578
9152644383
9152647670
9152657384
9152672285
9152679344
9152828520
9152844967
9152854531
9152039466
9152227717
9152249945
9152380370
9152403280
9152452557
9152553243
9152575513
9152664341
9152791179
9152840236
9152978131
9152086513
9152129998
9152162495
9152167099
9152179713
9152210474
9152210660
9152269657
9152302349
9152340405
9152348435
9152396405
9152397207
9152447669
9152480324
9152482662
9152533223
9152614236
9152725471
9152751093
9152819740
9152838819
9152918984
9152943250
9152950204
9152964383
9152990308
9152035986
9152386927
9152401729
9152405162
9152406258
9152559089
9152686255
9152696355
9152725236
9152787104
9152790754
9152972537
9152978211
9152278206
9152407848
9152410933
9152410942
9152601792
9152613849
9152622615
9152740875
9152761132
9152761992
9152883257
9152966185
9152159588
9152356225
9152549650
9152602744
9152635904
9152643367
9152885727
9152962270
9152012373
9152273802
9152334181
9152972377
9152060763
9152223451
9152404361
9152448145
9152488529
9152491762
9152492193
9152590213
9152633935
9152732260
9152773292
9152920826
9152990731
9152083633
9152261594
9152293821
9152344973
9152465936
9152524588
9152804315
9152063947
9152220792
9152271390
9152570839
9152613737
9152716442
9152738824
9152805491
9152957106
9152010924
9152179606
9152482693
9152521949
9152524216
9152580809
9152592362
9152714800
9152737630
9152755303
9152918141
9152963776
9152288087
9152319013
9152424553
9152620471
9152881200
9152925170
9152953274
9152955008
9152004480
9152082860
9152123085
9152166638
9152180520
9152188970
9152219617
9152293846
9152421525
9152444980
9152534996
9152540444
9152721577
9152753821
9152757563
9152781097
9152894045
9152920800
9152954807
9152001135
9152502046
9152523705
9152549346
9152561544
9152608588
9152919898
9152958639
9152042558
9152251223
9152439223
9152689963
9152691023
9152749938
9152990972
9152083173
9152085272
9152109640
9152157571
9152280322
9152297046
9152683355
9152715199
9152730658
9152737986
9152749080
9152804716
9152992578
9152049323
9152086553
9152239685
9152290548
9152461589
9152542068
9152587208
9152740359
9152745479
9152841325
9152179475
9152343533
9152491541
9152560580
9152573248
9152690745
9152732632
9152791060
9152074307
9152175742
9152249675
9152285838
9152577149
9152642669
9152868904
9152957785
9152059583
9152271680
9152462437
9152523205
9152550452
9152620454
9152731815
9152736016
9152839021
9152077640
9152275932
9152285541
9152426770
9152451169
9152466294
9152611778
9152642851
9152646670
9152681667
9152685797
9152883915
9152912435
9152089388
9152488409
9152525536
9152597542
9152638081
9152652158
9152825748
9152854653
9152916032
9152916436
9152103916
9152107370
9152111093
9152111173
9152111377
9152111470
9152111820
9152119395
9152148880
9152185515
9152264567
9152269430
9152284678
9152303457
9152320572
9152336432
9152422258
9152437782
9152480341
9152526753
9152534970
9152546610
9152640075
9152646289
9152691016
9152768754
9152813916
9152830967
9152897603
9152928737
9152951478
9152963224
9152968208
9152969110
9152219581
9152241002
9152401625
9152502283
9152683544
9152819504
9152901411
9152954890
9152108158
9152622822
9152691889
9152826736
9152965175
9152970063
9152601438
9152615775
9152658122
9152687989
9152440530
9152480494
9152581093
9152610896
9152638893
9152698552
9152701860
9152836532
9152868937
9152917232
9152993315
9152295460
9152450135
9152473568
9152516642
9152555152
9152574931
9152584033
9152629343
9152668677
9152672933
9152688687
9152910360
9152910639
9152963090
9152290433
9152292640
9152425043
9152448926
9152506110
9152690648
9152713325
9152757153
9152766458
9152787474
9152795958
9415390761
9152193374
9152524660
9152591908
9152593544
9152684313
9152695203
9152699136
9152722682
9152745040
9152239593
9152382452
9152436305
9152629157
9152735587
9152757181
9152854521
9152953179
9152042621
9152244012
9152307099
9152397638
9152431501
9152711061
9152736091
9152751418
9152759511
9152806214
9152809215
9152958427
9152105030
9152110496
9152111205
9152129815
9152190099
9152198796
9152216999
9152217444
9152218444
9152218555
9152218666
9152219555
9152219666
9152234323
9152234935
9152234936
9152234952
9152237873
9152243203
9152254353
9152260456
9152271236
9152276562
9152315437
9152321693
9152321704
9152321705
9152321708
9152321770
9152321774
9152323490
9152334545
9152340369
9152340437
9152340438
9152340441
9152340451
9152340461
9152340466
9152340479
9152340480
9152340745
9152341459
9152343102
9152343341
9152343342
9152343371
9152343372
9152343412
9152343413
9152343644
9152346033
9152346034
9152346060
9152346061
9152346125
9152346187
9152347158
9152347228
9152348026
9152348027
9152348093
9152348338
9152348349
9152348358
9152348379
9152348395
9152348545
9152348679
9152348725
9152348782
9152348844
9152348976
9152435745
9152464499
9152498346
9152510561
9152516089
9152524855
9152543241
9152624291
9152650056
9152691471
9152693936
9152725249
9152761701
9152897637
9152898026
9152909880
9152910206
9152910941
9152912572
9152913159
9152913193
9152913221
9152913233
9152913896
9152919357
9152920935
9152929483
9152929484
9152929534
9152929904
9152942002
9152942012
9152942101
9152942102
9152942109
9152942123
9152942341
9152942678
9152943207
9152943226
9152943227
9152943234
9152943288
9152943296
9152943297
9152943298
9152943299
9152943321
9152943349
9152943451
9152945552
9152945810
9152945812
9152945813
9152945859
9152945899
9152945904
9152945984
9152945991
9152946008
9152946035
9152946479
9152946704
9152947383
9152947442
9152947593
9152947766
9152947793
9152947797
9152947888
9152948222
9152948678
9152948958
9152948961
9152948962
9152948965
9152948967
9152948975
9152948976
9152949276
9152949277
9152949636
9152950060
9152951192
9152951194
9152951201
9152951202
9152951206
9152951209
9152951215
9152951219
9152951220
9152951225
9152951227
9152951228
9152951261
9152951282
9152952423
9152953524
9152953525
9152953526
9152953533
9152953549
9152954254
9152954713
9152087579
9152556872
9152564959
9152668141
9152684362
9152711859
9152958852
9152982897
9675681984
9152013021
9152605874
9152745168
9152772726
9152958306
9152991459
9152084001
9152085173
9152166078
9152436687
9152562696
9152656932
9152685072
9152739908
9152803532
9152963558
9152010626
9152233364
9152409027
9152782663
9152928017
9152171746
9152179921
9152409303
9152643461
9152717785
9152192758
9152331874
9152379487
9152416258
9152423071
9152532649
9152614191
9152241645
9152246767
9152481308
9152558576
9152690973
9152694374
9152845850
9152881316
9152238508
9152472373
9152515592
9152568156
9152704717
9152713460
9152749569
9152774667
9152823885
9152174520
9152219862
9152220720
9152570724
9152819746
9152965902
9152974352
9152006400
9152011170
9152015557
9152123231
9152244323
9152319869
9152360378
9152408819
9152603337
9152913506
9152915161
9152924417
9152944727
9152947546
9152949598
9152951236
9152953557
9152964157
9152109902
9152248301
9152280558
9152307859
9152568132
9152583364
9152793071
9152924955
9152224368
9152448707
9152500760
9152542227
9152554844
9152767079
9152872329
9152914727
9152963770
9152084423
9152285857
9152397447
9152430288
9152475149
9152581338
9152594715
9152627131
9152970466
9152087537
9152515490
9152520524
9152584597
9152609959
9152750071
9152802275
9152806261
9152848314
9152930500
9152079203
9152170822
9152213822
9152291436
9152293427
9152302439
9152502009
9152509354
9152555733
9152657787
9152702970
9152721683
9152807454
9152808501
9152998319
9152280525
9152469178
9152626401
9152078874
9152283488
9152354739
9152426719
9152444933
9152698378
9152916740
9152059128
9152083102
9152171962
9152325703
9152353574
9152399686
9152407038
9152467179
9152515640
9152576911
9152675127
9152681392
9152783615
9152794170
9152863246
9152929427
9152996481
9152010448
9152161821
9152295120
9152362356
9152496385
9152606275
9152625568
9152969953
9152000571
9152011144
9152049080
9152104061
9152108131
9152108517
9152165297
9152165671
9152175142
9152220133
9152263626
9152268966
9152285789
9152346845
9152347669
9152420999
9152455187
9152501232
9152596656
9152666118
9152752094
9152815638
9152931134
9152931174
9152941941
9152945173
9152156988
9152233164
9152319606
9152514607
9152563577
9152711067
9152733546
9152451126
9152495393
9152535150
9152591728
9152709272
9152793232
9152913852
9152973027
9152191698
9152308644
9152423117
9152491855
9152564008
9152585848
9152634183
9152840372
9152910278
9152913591
9152986394
9152992337
9152123299
9152367467
9152592903
9152780041
9152806305
9152018533
9152071294
9152272625
9152564505
9152640292
9152679411
9152712163
9152746326
9152821857
9152839806
9152871675
9152289657
9152295961
9152309109
9152724080
9152792727
9152813534
9152909719
9152411253
9152534934
9152559692
9152736242
9152749242
9152842273
9152866329
9152996795
9358534238
9152210389
9152291878
9152384865
9152397414
9152421348
9152490354
9152596025
9152722971
9152085305
9152125434
9152161778
9152175106
9152181184
9152256459
9152459945
9152609783
9152638413
9152704506
9152714686
9152715024
9152771956
9152840911
9152989354
9152166921
9152192738
9152269705
9152288849
9152294147
9152333474
9152341375
9152360406
9152452957
9152557375
9152625513
9152643462
9152759209
9152767200
9152945797
9152949388
9152950998
9152985207
9152276094
9152292016
9152339975
9152498866
9152518250
9152583267
9152585822
9152651898
9152658493
9152687737
9152967242
9152047424
9152221721
9152233376
9152277500
9152292477
9152326084
9152333178
9152447136
9152604060
9152659070
9152696061
9152998688
9152232784
9152306623
9152431442
9152885420
9152920744
9152930735
9152265400
9152278075
9152333507
9152351404
9152463235
9152492577
9152510228
9152597716
9152629782
9152730161
9152743951
9152819315
9152325080
9152481280
9152509420
9152579756
9152292621
9152320478
9152368023
9152409300
9152439164
9152799885
9152812187
9152106085
9152382505
9152589896
9152608642
9152609385
9152675325
9152776656
9152780940
9152883575
9152198640
9152571530
9152605902
9152665993
9152922924
9152462176
9152619395
9152739279
9152793099
9152050999
9152055890
9152057171
9152111789
9152154337
9152182330
9152222650
9152224923
9152274905
9152277860
9152304560
9152341478
9152341712
9152344800
9152424999
9152431039
9152508481
9152529995
9152840229
9152945358
9152952787
9152964416
9152986165
9152224119
9152279159
9152290076
9152294679
9152596068
9152671937
9152712732
9152746958
9152752323
9152782776
9152909176
9455998253
9152279254
9152464547
9152499665
9152545213
9152545311
9152787268
9152869743
9152071389
9152410656
9152458043
9152474830
9152552236
9152574831
9152610941
9152614912
9152760134
9152829267
9152057090
9152157704
9152185645
9152335686
9152424776
9152491174
9152503939
9152523899
9152637270
9152729177
9152730073
9152816684
9152056197
9152105730
9152291668
9152361547
9152383300
9152496311
9152526310
9152529274
9152821933
9152832500
9152885830
9152917056
9152074614
9152084864
9152105483
9152168095
9152173437
9152196305
9152365106
9152451834
9152580050
9152691027
9152880695
9152993244
9152048737
9152231895
9152274776
9152431125
9152443573
9152498947
9152609329
9152793688
9152917285
9152017225
9152088128
9152107499
9152486346
9152546495
9152619454
9152730232
9152733720
9152767164
9152450898
9152453296
9152540011
9152013821
9152022200
9152030020
9152108905
9152111386
9152193551
9152226848
9152228280
9152253666
9152264091
9152296087
9152306784
9152348045
9152530148
9152533397
9152599570
9152679307
9152685607
9152767209
9152797811
9152897744
9152899796
9152919086
9152931201
9152947378
9152948898
9152955185
9152966937
9152001067
9152063232
9152176424
9152572730
9152809513
9152929856
9152952615
9152137552
9152293809
9152500715
9152568342
9152662804
9152677080
9152802165
9152803490
9152874054
9152915050
9152168034
9152171266
9152225087
9152407420
9152416753
9152462301
9152467357
9152716852
9152764612
9152796553
9152799540
9152857154
9152033692
9152080459
9152591264
9152798133
9152992357
9152226169
9152279644
9152292010
9152395685
9152431130
9152460689
9152741347
9152250895
9152362767
9152445384
9152541480
9152591827
9152608935
9152662980
9152699044
9152726838
9152922454
9152964208
9152178410
9152497279
9152560959
9152676103
9152744348
9152918324
9152958614
9152079412
9152302782
9152358350
9152554180
9152663812
9152787297
9152824344
9152924612
9152959327
9152964392
9152086738
9152380444
9152464173
9152512745
9152573161
9152606584
9152644379
9152786653
9152809158
9152894731
9152994603
9152111658
9152164121
9152180765
9152243235
9152269475
9152290296
9152341335
9152414445
9152522282
9152617461
9152625463
9152655096
9152679795
9152723707
9152727759
9152753525
9152759702
9152845743
9152848935
9152898857
9152948077
9152071793
9152181992
9152239100
9152613400
9152638540
9152205710
9152224351
9152235290
9152656415
9152657151
9152959206
9152246531
9152275276
9152329164
9152448756
9152461179
9152618629
9152676424
9152682549
9152775868
9152781808
9152869754
9152913975
9152061351
9152223990
9152224342
9152261658
9152379929
9152453879
9152556509
9152580269
9152611264
9152717708
9152839177
9152190677
9152224680
9152710693
9152770078
9152912277
9152062021
9152284041
9152321726
9152563958
9152569949
9152649722
9152657055
9152682191
9152862472
9152962817
9152320632
9152431792
9152439750
9152468160
9152592954
9152617737
9152648866
9152690707
9152746721
9152825223
9152825923
9152843015
9152233030
9152353303
9152356125
9152462408
9152481178
9152721651
9152788718
9152840769
9152988722
9152527408
9152619901
9152739481
9152793935
9152854125
9152872038
9152874941
9152086706
9152105947
9152171112
9152273754
9152289121
9152296192
9152378251
9152619200
9152667003
9152758139
9152770262
9152948973
9152949685
9152981364
9839552605
9152030772
9152611773
9152616420
9152705308
9152763621
9152794799
9152842465
9152998411
9152251908
9152261147
9152400388
9152417996
9152501032
9152589900
9152742402
9152917501
9152048091
9152191279
9152269632
9152452544
9152524998
9152590693
9152683079
9152979451
9152055936
9152074452
9152123933
9152180241
9152302083
9152373541
9152581759
9152594331
9152744800
9152840247
9152843526
9152958387
9152961980
9152158076
9152183759
9152383391
9152490329
9152525960
9152719609
9152968744
9152392978
9152443176
9152595106
9152688395
9152792507
9152958581
9152062116
9152254078
9152496426
9152560604
9152650644
9152217570
9152549058
9152644717
9152696772
9152246800
9152343540
9152447419
9152581294
9152660779
9152683269
9152685367
9152694112
9152732890
9152771675
9152916926
9152000561
9152000639
9152011158
9152023288
9152105096
9152111142
9152111747
9152123737
9152173081
9152220014
9152220932
9152225668
9152241883
9152251110
9152256291
9152287706
9152302497
9152328391
9152347256
9152418145
9152421874
9152476275
9152494259
9152554704
9152580964
9152737488
9152744593
9152759713
9152945195
9152946608
9152955023
9152991194
9152540617
9152799792
9152853968
9152871650
9152055519
9152176748
9152448958
9152532576
9152564646
9152597788
9152640389
9152930483
9152085723
9152187744
9152252961
9152447762
9152799502
9152815241
9152831746
9152869268
9152883827
9152957877
9152966952
9152991390
9152179276
9152408344
9152460749
9152470051
9152688934
9152696096
9152749084
9152912283
9152913083
9152920459
9152963769
9152968346
9152123540
9152568391
9152608395
9152744024
9152749149
9152854883
9152861605
9152883932
9152062019
9152615803
9152664970
9152108352
9152357635
9152474293
9152544336
9152596040
9152600581
9152631526
9152699151
9152708149
9152728800
9152735697
9152899851
9152005815
9152085264
9152251601
9152284542
9152300308
9152461363
9152466216
9152481990
9152687036
9152755690
9152763341
9152930349
9152313409
9152478827
9152553254
9152753726
9152763897
9152020009
9152036302
9152086198
9152101846
9152188829
9152228349
9152232117
9152300875
9152323022
9152332343
9152343043
9152411626
9152421190
9152449311
9152578742
9152583002
9152648238
9152916859
9152945709
9152948191
9152950362
9152088019
9152103593
9152131654
9152401910
9152593828
9152682219
9152274915
9152306398
9152390377
9152558134
9152592650
9152752767
9152956112
9152241954
9152739673
9152801304
9368341836
9152158965
9152511261
9152645416
9152855994
9152172112
9152261588
9152376613
9152584843
9152615044
9152629107
9152952641
9152966009
9152285250
9152285474
9152563505
9152618919
9152683690
9152957961
9152123594
9152425185
9152578117
9152645878
9152787454
9152792296
9152822063
9152834465
9152840708
9152957822
9152995285
9152998916
9152232228
9152491031
9152501025
9152524732
9152581269
9152602070
9152699532
9152772164
9152885749
9152902594
9152962112
9152972959
9152085797
9152109871
9152426812
9152458277
9152471380
9152497855
9152519670
9152574206
9152707515
9152741785
9152750153
9152044901
9152055424
9152056856
9152073365
9152111925
9152125729
9152209575
9152222751
9152258883
9152304004
9152420589
9152430672
9152437830
9152438737
9152441852
9152444773
9152512664
9152598923
9152609592
9152621331
9152626996
9152676946
9152726050
9152867746
9152913435
9152914076
9152916695
9152922873
9152980831
9152057833
9152439739
9152464181
9152549963
9152553269
9152590580
9152745819
9152772092
9152810254
9152988701
9152102900
9152285542
9152572141
9152655663
9152704457
9152330941
9152357570
9152507995
9152651751
9152663689
9152671188
9152797849
9152061929
9152168241
9152206139
9152278044
9152460520
9152690376
9208150625
9152166908
9152288313
9152303262
9152411217
9152487495
9152525909
9152541574
9152589709
9152606285
9152234576
9152440213
9152566028
9152689589
9152775526
9152889901
9152199390
9152350901
9152491849
9152609152
9152671313
9152443126
9152649465
9152692469
9152807248
9152872116
9152157086
9152337078
9152410491
9152458425
9152502165
9152534877
9152631830
9152746330
9152791896
9152033777
9152037771
9152037772
9152105915
9152107957
9152111469
9152117459
9152128887
9152129996
9152162987
9152172235
9152210589
9152220017
9152245693
9152322261
9152342040
9152508927
9152719495
9152719622
9152721193
9152745454
9152754696
9152795399
9152817900
9152896694
9152913145
9152916009
9152919081
9152949662
9152963243
9152974907
9152979755
9152187557
9152224820
9152408571
9152624125
9152639596
9152754247
9152803258
9152831727
9152966537
9152085756
9152467751
9152498069
9152578793
9152614014
9152668702
9152819277
9152963197
9152993251
9152145234
9152187305
9152284490
9152409055
9152433759
9152471423
9152571952
9152686228
9152729417
9152750113
9152775862
9152791746
9152911696
9152915119
9152923203
9152997069
9152363401
9152553051
9152600237
9152679124
9152741604
9152747885
9152754668
9152974580
9152016661
9152101546
9152329292
9152521430
9152559667
9152605267
9152774097
9152787869
9152870220
9152061393
9152174483
9152221407
9152369129
9152467434
9152476225
9152507327
9152710988
9152725122
9152800119
9152807594
9152864825
9152884732
9152993499
9152749249
9152750565
9152782464
9152976717
9152076183
9152161649
9152238464
9152524612
9152582297
9152593775
9152643980
9152695859
9152929971
9152994964
9152167535
9152169292
9152392587
9152467771
9152586100
9152591047
9152622560
9152651921
9152782886
9152859292
9152862855
9152916067
9152994900
9152048092
9152063305
9152125553
9152251231
9152431967
9152571418
9152577089
9152897875
9152946829
9152080099
9152234054
9152291152
9152294287
9152333088
9152370664
9152408627
9152491328
9152528244
9152565830
9152680591
9152682092
9152703895
9152823599
9152910307
9152958504
9152964808
9152009055
9152072862
9152157822
9152225196
9152273972
9152379065
9152405734
9152512918
9152521984
9152554599
9152609340
9152873920
9152969518
9152975205
9152076095
9152181489
9152294845
9152428740
9152553338
9152597228
9152650417
9152992730
9152223304
9152267392
9152376757
9152550545
9152611723
9152747701
9152866745
9152895284
9152978068
9152057150
9152158266
9152339056
9152528010
9152545516
9152547859
9152580433
9152685561
9152744649
9793023651
9152451082
9152836833
9152856142
9152969963
9152074318
9152162005
9152215150
9152457057
9152466353
9152481915
9152519415
9152586096
9152859507
9152868337
9152214640
9152284863
9152329513
9152468014
9152594886
9152721489
9152800366
9152803996
9152805354
9152955218
9152963658
9152981330
9152993381
9152469453
9152631276
9152633415
9152663594
9152992066
9152020008
9152104526
9152167779
9152176821
9152226409
9152252330
9152268818
9152279740
9152280541
9152288083
9152334329
9152348423
9152482923
9152495512
9152644515
9152950181
9152950567
9760247062
9152057737
9152101552
9152168902
9152323853
9152352993
9152426173
9152521901
9152686985
9152787902
9152885751
9152900778
9152910601
9152988063
9152112360
9152277858
9152569851
9152584941
9152730472
9152909108
9152977242
9152206213
9152258398
9152415299
9152464037
9152481182
9152557109
9152559414
9152752505
9152776091
9152963608
9152087872
9152283993
9152293878
9152518841
9152595043
9152604139
9152644866
9152666113
9152077540
9152175859
9152331481
9152335912
9152636246
9152667435
9152965805
9152085225
9152160919
9152190211
9152570563
9152630607
9152676253
9152770595
9152009966
9152219585
9152570736
9152101576
9152224921
9152350506
9152427521
9152520675
9152528288
9152613471
9152792168
9152920798
9152106528
9152177142
9152287846
9152530562
9152565151
9152581265
9152604075
9152652185
9152761307
9152836467
9152885748
9152037776
9152037778
9152037779
9152038883
9152038886
9152057328
9152085468
9152105953
9152106174
9152111379
9152111381
9152111387
9152111439
9152111448
9152111452
9152111468
9152125678
9152126667
9152127654
9152161270
9152163454
9152217027
9152250543
9152259870
9152297722
9152340732
9152341928
9152396593
9152452377
9152456797
9152475836
9152495402
9152517823
9152600123
9152616538
9152748524
9152812615
9152884889
9152920473
9152921409
9152946940
9152187916
9152225314
9152306904
9152434268
9152491779
9152506089
9152604624
9152724294
9152759092
9152793086
9152918704
9152076915
9152225495
9152241475
9152538474
9152859304
9152162098
9152329984
9152447750
9152535273
9152574197
9152668194
9152728152
9152804110
9152825034
9152229629
9152297569
9152421832
9152664333
9358340129
9152308305
9152403018
9152440584
9152449137
9152465983
9152552425
9152571897
9152579811
9152638504
9152682209
9152774737
9152920971
9152953766
9152161279
9152324446
9152439050
9152487032
9152536467
9152589056
9152608613
9152168602
9152195811
9152448383
9152772171
9152865762
9152921864
9152073383
9152182121
9152341389
9152497486
9152506812
9152633970
9152865124
9152226551
9152318174
9152406060
9152622788
9152725053
9152767416
9152786946
9152000568
9152001854
9152023645
9152034667
9152056993
9152075919
9152083158
9152116567
9152144841
9152173045
9152177122
9152181060
9152183500
9152220098
9152223371
9152229551
9152261550
9152280320
9152283479
9152288114
9152291581
9152295866
9152309138
9152321755
9152332274
9152348061
9152360365
9152366288
9152368833
9152382073
9152418122
9152488872
9152611286
9152684585
9152696801
9152703025
9152707565
9152745305
9152829281
9152836848
9152837563
9152878334
9152897064
9152910262
9152916233
9152946610
9152951183
9152952724
9152974850
9152199708
9152329606
9152451701
9152492512
9152511054
9152571916
9152608832
9152609589
9152685374
9152796520
9152930080
9152961732
9152152343
9152460342
9152507043
9152613284
9152644772
9152102005
9152258739
9152463535
9152601104
9152616020
9152661800
9152686946
9152754619
9152842617
9152085704
9152292345
9152297029
9152350794
9152481299
9152493444
9152764819
9152166757
9152323518
9152459332
9152503708
9152513634
9152535489
9152557479
9152638349
9152962259
9152966130
9152213914
9152425791
9152080137
9152105927
9152323450
9152602711
9152682455
9152989182
9152993610
9152083819
9152085277
9152697277
9152731799
9152748544
9152177800
9152237405
9152402963
9152471836
9152557827
9152658127
9152734941
9152771270
9152809260
9152884916
9152000402
9152039994
9152087271
9152102538
9152193618
9152268196
9152292419
9152321388
9152341945
9152343643
9152438909
9152568695
9152587128
9152634746
9152808100
9152897043
9152914400
9152915521
9152929585
9152944785
9152947460
9152087715
9152223422
9152382011
9152900364
9152959152
9319565868
9152215917
9152321313
9152410145
9152472370
9152554747
9152704047
9152886913
9152267763
9152274160
9152284788
9152452977
9152459402
9152692928
9152746747
9152892550
9152924475
9152952037
9152157447
9152241169
9152274500
9152463474
9152550852
9152687866
9152724021
9152829578
9152844984
9152854270
9152926829
9152458904
9152667141
9152719691
9152863621
9152914288
9335659553
9152172574
9152446690
9152451043
9152466660
9152607864
9152791907
9152964929
9152224515
9152633248
9152665324
9152737400
9152754978
9152856454
9152868752
9152160836
9152164841
9152230703
9152290418
9152635359
9152686963
9152715250
9152742917
9152788900
9152800605
9152240983
9152575785
9152577616
9152680270
9152696368
9152719170
9152726177
9152754235
9152759214
9152971664
9152010666
9152034441
9152034442
9152034443
9152036663
9152036667
9152036668
9152037775
9152038881
9152038882
9152047699
9152057329
9152105997
9152111385
9152111441
9152111442
9152111454
9152111456
9152111472
9152126665
9152127106
9152128881
9152128886
9152129565
9152199798
9152210283
9152221562
9152317678
9152340836
9152341311
9152341904
9152348636
9152372026
9152401086
9152427667
9152532225
9152665841
9152900370
9152901816
9152931069
9151542098
9151657661
9151802067
9151079691
9151083220
9151187592
9151248687
9151308092
9151503439
9151617599
9151706048
9151716276
9151728551
9151733814
9151560942
9151599174
9151763997
9151862204
9151914881
9026349988
9151040532
9151204023
9151312795
9151660038
9151840689
9151025834
9151026380
9151031740
9151065717
9151083850
9151180961
9151235613
9151287427
9151294876
9151384568
9151391194
9151471612
9151582937
9151584379
9151670984
9151672315
9151683816
9151725975
9151907690
9151914544
9151551468
9151588061
9151776144
9151846813
9151907271
9151591693
9151771994
9151821599
9151835071
9151033310
9151085400
9151290406
9151536917
9151609629
9151620887
9151680919
9151681241
9151747423
9151761589
9151841461
9151292166
9151323779
9151384393
9151418599
9151531708
9151583692
9151892980
9151895914
9151993133
9151231370
9151354061
9151446228
9151515389
9151584439
9151617032
9151701445
9151800117
9151293559
9151497948
9151208724
9151472550
9151505131
9151551671
9151589200
9151595939
9151724075
9151271397
9151308734
9151317418
9151591038
9151622659
9151726904
9151762130
9151288920
9151372746
9151491802
9151522402
9151596934
9151766227
9151786327
9151005321
9151028360
9151030048
9151047654
9151200258
9151298741
9151331765
9151396210
9151399729
9151454421
9151917134
9151926473
9151929790
9151172174
9151200472
9151265149
9151308753
9151309899
9151387987
9151769294
9151854475
9151899898
9151332905
9151387986
9151395429
9151490931
9151604524
9151841663
9151904783
9151589368
9151605878
9151658157
9151707623
9151815151
9151824534
9151171071
9151257761
9151271377
9151285584
9151394990
9151429464
9151592080
9151674963
9151698534
9151699431
9151221820
9151281171
9151450182
9151471719
9151529959
9151540689
9151683076
9151710011
9151791105
9151908737
9151291051
9151360421
9151510171
9151661628
9151763142
9151781904
9151085956
9151490160
9151664824
9151750745
9151827409
9151172553
9151439881
9151527349
9151703492
9151904465
9151037009
9151175169
9151361271
9151494872
9151658756
9151778469
9151893071
9151043271
9151110090
9151110425
9151112987
9151231807
9151247844
9151248942
9151251667
9151293205
9151356718
9151417345
9151522848
9151604863
9151635709
9151746320
9151773704
9151846083
9151907723
9151914744
9151918198
9151506884
9151624519
9151732651
9151834476
9151855087
9151993973
9151372142
9151734700
9151786103
9151846156
9151205151
9151206791
9151544076
9151603480
9151680955
9151172420
9151239724
9151260400
9151512154
9151556127
9151560706
9151594822
9151815387
9151993779
9151435649
9151478203
9151518601
9151598691
9151599889
9151820037
9151897505
9151902711
9151353445
9151451158
9151658148
9151897109
9151261413
9151510406
9151513752
9151554633
9151634001
9151652269
9151405004
9151512594
9151660348
9151665526
9151751262
9151757662
9151530427
9151697699
9151921672
9151030825
9151279463
9151331512
9151334577
9151415674
9151487119
9151558719
9151581758
9151604975
9151680797
9151753579
9151823986
9151897411
9151913933
9151917585
9151923021
9151185690
9151284604
9151414135
9151754738
9151891265
9151991009
9151301757
9151408725
9151416022
9151604357
9151712273
9151713467
9151030055
9151194533
9151324696
9151575195
9151575578
9151679265
9151811894
9151291570
9151357605
9151426981
9151599103
9151738316
9151743978
9151832554
9151187325
9151371871
9151423722
9151453114
9151657142
9151683979
9151712271
9151910949
9151424435
9151442779
9151719653
9151814871
9151260388
9151322822
9151560300
9151570908
9151607349
9151632363
9151636315
9151655996
9151716148
9151848214
9151855258
9151088407
9151415766
9151599246
9151685097
9151743370
9151753229
9151817661
9151524736
9151597195
9151617834
9151664746
9151849898
9151025041
9151027687
9151029982
9151235145
9151270704
9151297993
9151343229
9151354569
9151370799
9151378510
9151415679
9151693436
9151696021
9151710905
9151895997
9151912082
9151922563
9151928448
9151076996
9151263686
9151453564
9151466708
9151510140
9151595760
9151620694
9151381364
9151440936
9151989681
9151298272
9151529510
9151573921
9151591989
9151643530
9151717070
9151727672
9151206169
9151707912
9151720591
9151867625
9151203633
9151373196
9151532516
9151804366
9151907580
9151214338
9151422172
9151645410
9151862404
9151086560
9151473911
9151503890
9151702026
9151772469
9151287729
9151503232
9151656932
9151772308
9151813392
9151915607
9151924719
9151454053
9151622728
9151698182
9151790150
9151904753
9151024564
9151031597
9151043917
9151077769
9151184037
9151212906
9151231362
9151233562
9151239965
9151263719
9151290963
9151321980
9151345590
9151403003
9151406146
9151411021
9151415987
9151443245
9151752252
9151755384
9151896298
9151917408
9151919161
9151927628
9151927686
9151928418
9151929436
9151982096
9151225394
9151429144
9151487739
9151761443
9151779768
9151817954
9151855919
8439919911
9151084775
9151085489
9151344526
9151461544
9151515351
9151528076
9151591215
9151673587
9151755874
9151866292
9151894421
9151026013
9151294830
9151337057
9151515312
9151537073
9151557817
9151608246
9151622507
9151677503
9151769579
9151894462
9151918540
9151651890
9151653915
9151818194
9151825980
9151826796
9151179800
9151284665
9151289130
9151383714
9151542923
9151680817
9151716927
9151383472
9151521131
9151769266
9151782089
9151981778
9151188320
9151288925
9151403064
9151564860
9151668972
9151684644
9151790854
9151912163
9151283103
9151492125
9151532889
9151583376
9151659376
9151662296
9151679544
9151746312
9151265991
9151327145
9151398818
9151453691
9151564719
9151685086
9151001162
9151043278
9151202110
9151239822
9151412210
9151601580
9151615266
9151615899
9151710986
9151921304
9151925382
9151928396
9151930168
9151523178
9151731357
9151889922
9151890434
9151039954
9151085322
9151297176
9151443634
9151491359
9151686298
9151692870
9151696148
9151841837
9151025128
9151253529
9151267796
9151372651
9151503233
9151504988
9151547833
9151551635
9151617549
9151647383
9151670186
9151784816
9151785356
9151285850
9151297459
9151485181
9151532958
9151576465
9151661061
9151674146
9151753110
9151823957
9151839646
9151841410
9151384631
9151748371
9151751166
9151289119
9151465698
9151535380
9151633493
9151684804
9151696904
9151797218
9151826584
9151910693
9151044293
9151084871
9151290709
9151507285
9151591855
9151650239
9151710741
9151733652
9151755484
9151781440
9151803760
9151079619
9151449718
9151517003
9151248348
9151312020
9151600620
9151817318
9151840018
9151984946
9151026628
9151030104
9151046700
9151087153
9151111929
9151113139
9151130243
9151131014
9151199636
9151231778
9151257468
9151299875
9151308508
9151312948
9151315059
9151337171
9151355183
9151378544
9151434231
9151494464
9151519463
9151520099
9151522014
9151643515
9151684961
9151890659
9151897816
9151906237
9151912698
9151433403
9151478269
9151481316
9151614421
9151664090
9151846140
9151289523
9151353951
9151561425
9151577663
9151835134
9151856919
9151928951
9151297357
9151663905
9151086775
9151326238
9151423014
9151641540
9151549182
9151661066
9151716657
9151757945
9151814344
9151770359
9151784008
9151821439
9151208257
9151255976
9151308540
9151524617
9151683155
9151699532
9151772524
9151804044
9151848443
9151864009
9151996632
9151346024
9151538116
9151596318
9151639818
9151750871
9151809885
9151841735
9151986054
9151415059
9151722901
9151925323
9151993881
9151023515
9151030871
9151033312
9151044505
9151236728
9151269785
9151272896
9151295675
9151306784
9151484725
9151499037
9151518770
9151694718
9151697424
9151836909
9151898046
9151207933
9151213566
9151272988
9151296470
9151439255
9151592511
9151598905
9151775704
9151085347
9151247409
9151289505
9151374383
9151380900
9151575206
9151584973
9151671165
9151863605
9151889784
9151905545
9151005253
9151388689
9151413807
9151513656
9151517544
9151533979
9151611453
9151618531
9151648733
9151759810
9151353736
9151584871
9151905723
9151990566
9151171481
9151365262
9151632958
9151657932
9151810835
9151023602
9151088320
9151406034
9151492612
9151632564
9151637749
9151780250
9151085645
9151501530
9151530252
9151558079
9151648418
9151820784
9151914219
9151927469
9151497701
9151718683
9151746448
9151802838
9151193721
9151202055
9151363141
9151450575
9151483621
9151502848
9151513431
9151646475
9151680840
9151730176
9151855019
9151873990
9151904994
9151022872
9151183709
9151231301
9151239251
9151297476
9151343221
9151412214
9151441283
9151442239
9151443954
9151455005
9151456589
9151612641
9151623923
9151770195
9151913428
9151228609
9151329275
9151462193
9151466580
9151511991
9151573306
9151177255
9151285685
9151420873
9151514252
9151515881
9151542686
9151570186
9151329163
9151566945
9151634474
9151683942
9151749830
9151776068
9151846641
9151864717
9151039918
9151172778
9151190273
9151214317
9151481945
9151496534
9151808080
9151023997
9151199100
9151522636
9151544143
9151632616
9151665818
9151078890
9151214731
9151255989
9151361656
9151525391
9151717847
9151775510
9151246768
9151293970
9151386341
9151618103
9151676885
9151701592
9151782472
9151837243
9151083892
9151253107
9151447751
9151573235
9151781223
9151838501
9151375931
9151376791
9151486846
9151515357
9151557312
9151596921
9151604866
9151615025
9151642454
9151698450
9151759197
9151029138
9151030166
9151054384
9151292425
9151293827
9151345120
9151374462
9151509306
9151565907
9151880891
9151893926
9151906891
9151918425
9151926993
9151429515
9151452961
9151592758
9151856361
9151658358
9151662899
9151792782
9151441753
9151519067
9151620980
9151623236
9151675637
9151699419
9151756151
9151224608
9151318070
9151448776
9151630699
9151704020
9151990184
9151288239
9151672121
9151826033
9151900392
9151929377
9151217401
9151363983
9151381133
9151396329
9151670170
9151764393
9151087384
9151218895
9151446034
9151482142
9151521985
9151575221
9151779865
9151896400
9151192254
9151355038
9151367463
9151471568
9151513787
9151589490
9151656816
9151049877
9151050006
9151112479
9151113269
9151231323
9151246234
9151278028
9151281662
9151345073
9151345547
9151345576
9151354088
9151403972
9151456112
9151587454
9151757818
9151823221
9151844828
9151909131
9151923122
9151925387
9151928375
9151280448
9151508861
9151747108
9151747331
9151827534
9151837244
9151848159
9151997218
9151086842
9151314040
9151403864
9151468520
9151522674
9151593443
9151985262
9151280858
9151359648
9151498186
9151571126
9151601810
9151843303
9151287383
9151402303
9151477692
9151564211
9151676419
9151682749
9151815316
9151820861
9151837780
7520823582
9151086835
9151266597
9151551416
9151709229
9151761077
9151770179
9151816573
9151216956
9151440487
9151499501
9151509685
9151024249
9151396719
9151440135
9151500204
9151522187
9151635462
9151992093
9151086139
9151247988
9151519320
9151608275
9151718142
9151201911
9151436791
9151757991
8799005279
9151002674
9151021787
9151232217
9151235283
9151238297
9151287342
9151295310
9151329567
9151340789
9151372970
9151472238
9151520178
9151571250
9151583745
9151623767
9151650218
9151734702
9151744339
9151909699
9151924018
9151924139
9151925043
9151273707
9151282458
9151413097
9151422749
9151503097
9151528297
9151570738
9151656651
9151816907
9151822599
9151920939
9151034099
9151311040
9151494232
9151506459
9151521904
9151640293
9151880858
9151036505
9151044025
9151189745
9151220263
9151301164
9151320775
9151575845
9151592680
9151623675
9151867413
9151363098
9151367702
9151499203
9151514079
9151523806
9151534074
9151760389
9151891616
9151044148
9151085314
9151171685
9151260168
9151290409
9151464185
9151473199
9151682928
9151690278
9151737889
9151797597
9151928626
9151027488
9151043831
9151382244
9151424471
9151528900
9151533410
9151537292
9151604511
9151661805
9151671572
9151909032
9151491808
9151784846
9151084811
9151219923
9151577847
9151656229
9151795610
9151875102
8958594249
9151208028
9151294011
9151431707
9151457331
9151459237
9151477310
9151500150
9151609055
9151642484
9151922561
9151925081
9151077436
9151087477
9151111694
9151235236
9151337951
9151529133
9151544112
9151611475
9151622177
9151782894
9151901060
9151909617
9151917063
9151919182
9151923257
9151085761
9151212086
9151530551
9151530738
9151568034
9151635935
9151707606
9151819894
9151860719
9151895643
9151362866
9151392644
9151622693
9151768410
9151813996
9151187442
9151362629
9151389061
9151447901
9151596534
9151603636
9151712095
9151776310
9151817301
9151325746
9151367972
9151510486
9151599360
9151653906
9151714790
9151923763
9151416299
9151760309
9151764228
9151819219
9151245259
9151357642
9151398443
9151566322
9151570992
9151582239
9151616954
9151716918
9151044697
9151202028
9151247376
9151551249
9151556070
9151587132
9151614911
9151757863
9151830414
9151929381
9151390854
9151445536
9151476989
9151529312
9151556164
9151827760
9151836539
9151840109
9151889085
9151371839
9151374877
9151481778
9151520849
9151739455
9151775075
9151012108
9151012425
9151022555
9151040005
9151043290
9151077735
9151110753
9151111290
9151111849
9151112924
9151233214
9151257428
9151397406
9151403923
9151411210
9151513638
9151650164
9151681532
9151698009
9151787064
9151901771
9151912650
9151513307
9151514993
9151671802
9151779243
9151083625
9151223300
9151277968
9151416180
9151439301
9151705790
9151716515
9151353150
9151376401
9151384101
9151417813
9151499453
9151653141
9151817946
9151862722
9151197257
9151277979
9151425809
9151460768
9151589424
9151589797
9151436779
9151515104
9151588050
9151772072
9151283735
9151327269
9151374863
9151375344
9151540868
9151835902
9151837379
9151331864
9151463993
9151534275
9151599838
9151681840
9151689082
9151774890
9151831410
9151835929
9151879372
9151454522
9151597638
9151761484
9151012979
9151023284
9151026629
9151031314
9151031589
9151084496
9151235762
9151236243
9151297895
9151342107
9151342543
9151472330
9151694607
9151710164
9151724038
9151749804
9151905958
9151924302
9151524986
9151553092
9151562634
9151575309
9151611704
9151623077
9151685380
9151763130
9151451375
9151526795
9151532634
9151554169
9151617648
9151771784
9151855466
9151303441
9151393206
9151412895
9151495026
9151681706
9151714422
9151716069
9151749205
9151752960
9151756040
9151762726
9151784224
9151986513
9151083812
9151454758
9151507500
9151604190
9151620304
9151657626
9151680911
9151691434
9151855271
9151013734
9151239382
9151325568
9151396975
9151574469
9151756334
9151817919
9151258526
9151381882
9151495881
9151618523
9151696611
9151705105
9151752357
9151874008
9151880092
9151330823
9151662150
9151676898
9151700196
9151984528
9151208899
9151369699
9151492521
9151536539
9151655872
9151670077
9151758773
9151239729
9151332685
9151596455
9151845395
9151004957
9151023038
9151032075
9151113875
9151231479
9151238402
9151276980
9151287168
9151454367
9151462341
9151512450
9151584495
9151605941
9151617144
9151922770
9151922836
9151309002
9151427886
9151493939
9151584396
9151591650
9151704372
9151982428
9151988668
9151223072
9151313924
9151371643
9151464107
9151480885
9151517633
9151751267
9151895282
9012428240
9151302532
9151471850
9151531098
9151724086
9151902688
9151918618
9151247565
9151374552
9151673897
9151690030
9151766985
9151902981
9151540318
9151725229
9151839924
9151988583
9151992495
9151274099
9151274699
9151304063
9151625323
9151709518
9151504650
9151610922
9151646491
9151768661
9151268448
9151339608
9151466312
9151495485
9151637148
9151696010
9151699546
9151771975
9151893868
9151258043
9151298330
9151298593
9151323029
9151374368
9151460496
9151545134
9151556161
9151706938
9151757450
9151993583
9151021242
9151026662
9151030946
9151041163
9151077997
9151112040
9151112203
9151112474
9151120839
9151215152
9151233802
9151237091
9151237446
9151237977
9151239007
9151263117
9151265012
9151334353
9151336345
9151347123
9151361123
9151396321
9151415975
9151418730
9151428314
9151432590
9151520723
9151535527
9151541617
9151553488
9151599249
9151615726
9151632061
9151632362
9151644818
9151662521
9151665044
9151685716
9151686265
9151696169
9151697435
9151723867
9151741144
9151772619
9151798138
9151857602
9151898688
9151901784
9151904268
9151906911
9151983882
9151050732
9151254800
9151269730
9151418842
9151698149
9151794354
9151838860
9151863717
9151181310
9151328464
9151439013
9151558253
9151593072
9151616944
9151733766
9151808524
9151871622
9151744950
9151745975
9151750803
9151774527
9151783801
9151189598
9151431495
9151521520
9151983718
9151416323
9151527097
9151558933
9151738662
9151746434
9151784761
9151076903
9151310158
9151548905
9151624557
9151669501
9151683538
9151897538
9151984694
9151083595
9151409320
9151631228
9151660521
9151778899
9151835574
9151065891
9151180880
9151282650
9151516159
9151573852
9151671774
9151840115
9151002464
9151401428
9151406989
9151462531
9151516067
9151596398
9151610027
9151675626
9151725360
9151864718
9151002650
9151012432
9151012819
9151029707
9151030240
9151030295
9151188155
9151207707
9151278943
9151321751
9151390129
9151402776
9151416397
9151465570
9151471758
9151613504
9151614341
9151645910
9151649159
9151659163
9151716098
9151923305
9151214245
9151261797
9151454831
9151523315
9151525253
9151573574
9151573902
9151826939
9151841294
9151908919
9151355645
9151774474
9151813509
9151815856
9151927992
9151290807
9151296868
9151360053
9151404266
9151431016
9151656003
9151665864
9151702047
9151897530
9151078079
9151335271
9151414237
9151440427
9151471889
9151525261
9151530951
9151681013
9151760267
9151238234
9151255244
9151299135
9151370458
9151453085
9151515193
9151556938
9151778721
9151896244
9151197723
9151281897
9151369200
9151458128
9151656959
9151769896
9151826538
9151017361
9151226539
9151466805
9151468105
9151484515
9151629551
9151699128
9151718589
9151720161
9151078033
9151217143
9151291029
9151377262
9151694069
9151386285
9151466503
9151481524
9151513960
9151515912
9151568511
9151622506
9151639838
9151686031
9151700212
9151856112
9151023701
9151026330
9151028233
9151044470
9151328008
9151479171
9151494980
9151502552
9151539693
9151593874
9151617044
9151750815
9151762470
9151910884
9151922790
9151192509
9151203283
9151437401
9151463778
9151481713
9151656482
9151776388
9151780089
9151281148
9151451760
9151662140
9151844915
9151528302
9151878668
9151899861
9151922797
9151176481
9151296794
9151299408
9151624342
9151681983
9151717916
9151458665
9151696821
9151759787
9151880250
9151923674
9151930971
9151248089
9151381227
9151428171
9151493273
9151539104
9151659421
9151831790
9151374749
9151449430
9151707259
9151743554
9151785126
9151296448
9151319632
9151435798
9151457622
9151470821
9151487074
9151494137
9151527300
9151593036
9151621120
9151715504
9151820900
9151067195
9151545906
9151600407
9151656130
9151807724
9151920619
9151930889
9151012978
9151026431
9151028753
9151028773
9151112142
9151112388
9151113864
9151237008
9151293212
9151326544
9151373149
9151396012
9151402012
9151407876
9151432303
9151443230
9151459980
9151758266
9151827202
9151834332
9151915472
9151915645
9151915877
9151922739
9151926370
9151313284
9151534656
9151560419
9151749807
9151753242
9151901727
9151315626
9151458963
9151515348
9151541337
9151631229
9151687883
9151753757
9151051012
9151295751
9151404518
9151570638
9151588583
9151595425
9151716271
9151721562
9151898074
9151920605
9151992524
9151209613
9151328989
9151534025
9151680862
9151703622
9151727696
9151618897
9151664924
9151718530
9151727677
9151923804
9151291280
9151415102
9151461225
9151614375
9151620376
9151769648
9151773695
9151784836
9151902974
9151905564
9151549327
9151635793
9151687433
9151706200
9151725108
9151769923
9151989316
9151493395
9151523946
9151912014
9151172240
9151632832
9151724252
9151773346
9151172586
9151221867
9151271527
9151894236
9151901864
9151903868
9151453914
9151522497
9151565254
9151785224
9151570438
9151835739
9151844788
9151875081
9151878228
9151192913
9151275626
9151342560
9151541833
9151556910
9151566174
9151575902
9151660730
9151408105
9151417363
9151639652
9151910711
9151992359
9151387415
9151420310
9151520465
9151648253
9151001099
9151217872
9151302364
9151372756
9151391957
9151456377
9151498119
9151598657
9151685370
9151709750
9151714026
9151909880
9151915579
9151261255
9151508774
9151795724
9151202676
9151409511
9151683439
9151819349
9151874623
9151185744
9151327382
9151332942
9151403254
9151446614
9151479175
9151568241
9151638399
9151755129
9151818085
9151861785
9151002491
9151026694
9151026820
9151030827
9151237731
9151238145
9151239325
9151456113
9151492943
9151508738
9151582790
9151647835
9151665817
9151698178
9151779732
9151872516
9151912939
9151922779
9151298911
9151413641
9151759365
9151763095
9151786223
9151279221
9151450185
9151550280
9151668514
9151696031
9151909783
9151255924
9151298987
9151535859
9151586295
9151691149
9151720996
9151046320
9151086577
9151295811
9151468891
9151511805
9151633146
9151727110
9151289895
9151468006
9151512040
9151517227
9151539908
9151669396
9151682647
9151891866
9151504726
9151520796
9151503656
9151662944
9151793951
9151902753
9151274541
9151285090
9151304771
9151359303
9151771318
9151813673
9151825245
9151421683
9151466271
9151473365
9151531958
9151613207
9151630145
9151649424
9151673865
9151868553
9151024253
9151034563
9151112192
9151235535
9151235668
9151235749
9151236432
9151238003
9151254849
9151276176
9151294350
9151321337
9151376526
9151397891
9151412369
9151542598
9151680745
9151770250
9151812231
9151870200
9151889681
9151892124
9151912081
9151927393
9151032210
9151368491
9151635955
9151703365
9151803159
9151893081
9151264244
9151327114
9151410988
9151438747
9151494993
9151706615
9151759090
9151221886
9151290544
9151256212
9151330363
9151360951
9151475697
9151503340
9151522792
9151592995
9151698832
9151727700
9151747085
9151760732
9151841684
9151022775
9151251724
9151288338
9151298718
9151407522
9151416957
9151485772
9151593918
9151763732
9151984115
9151572495
9151622930
9151699391
9151708190
9151764799
9151914220
9151077342
9151398362
9151523614
9151634454
9151902061
9151228164
9151412604
9151435784
9151711502
9151171955
9151185730
9151285912
9151380704
9151479896
9151619216
9151724214
9151816195
9151835623
9151837425
9151016618
9151029461
9151030075
9151111707
9151221559
9151233452
9151233739
9151239375
9151247007
9151272348
9151288216
9151348008
9151424009
9151438400
9151454392
9151456031
9151469404
9151808026
9151837613
9151879260
9151894659
9151903258
9151922140
9151331847
9151418429
9151468087
9151544014
9151786528
9151834213
9151924852
9151400713
9151549762
9151691671
9151768636
9151786204
9151085402
9151201874
9151655400
9151667179
9151906825
9151918556
9151171727
9151502466
9151551185
9151605142
9151679242
9151718330
9151824243
9151088261
9151315006
9151380362
9151607834
9151657127
9151892389
9151925706
9151993225
9151281997
9151520041
9151554018
9151600415
9151616831
9151635629
9151679525
9151771613
9151782169
9151665773
9151754047
9151826154
9151844263
9151844508
9151845385
9151919493
9151281646
9151449829
9151561901
9151612244
9151632722
9151685447
9151699063
9151780574
9151988594
9151174411
9151264098
9151404509
9151434367
9151674066
9151693612
9151702525
9151821216
9151016236
9151029519
9151030158
9151114276
9151227339
9151236184
9151236475
9151642371
9151663870
9151813575
9151914799
9151916722
9151046255
9151322379
9151485490
9151492877
9151527230
9151527491
9151564995
9151585688
9151614180
9151618295
9151701163
9151775623
9151791672
9151831439
9151086593
9151289558
9151290699
9151294235
9151586565
9151643361
9151651986
9151757131
9151809458
9151820395
9151899693
9151916822
9151208832
9151586119
9151786166
9151804117
9151298877
9151592022
9151696373
9151815721
9151903863
9151915243
9012069888
9151209414
9151209869
9151290466
9151644886
9151687991
9151854595
9151204603
9151425206
9151511919
9151662412
9151812042
9151085939
9151512670
9151522681
9151530021
9151535845
9151590353
9151604458
9151466909
9151485593
9151538612
9151589446
9151659027
9151774996
9151847418
9151196100
9151209649
9151261881
9151308259
9151322308
9151518891
9151616791
9151624401
9151684926
9151767443
9151990256
9151023694
9151024902
9151030991
9151085287
9151112148
9151113545
9151235860
9151237828
9151239853
9151294272
9151295852
9151298072
9151363212
9151376711
9151407653
9151502044
9151508209
9151679008
9151747374
9151774152
9151791616
9151867298
9151902590
9151906150
9151916572
9151917509
9151927649
9151928936
9151996803
9151392124
9151467246
9151511275
9151586806
9151600357
9151665868
9151023067
9151191306
9151353348
9151421348
9151509180
9151519606
9151537196
9151593255
9151684545
9151835850
9151372430
9151667473
9151759897
9151861568
9151516175
9151587225
9151603852
9151638896
9151699767
9151910944
9151078335
9151245575
9151435781
9151836417
9151842358
9151077152
9151394344
9151587211
9151594631
9151597004
9151632601
9151634787
9151683831
9151694404
9151749504
9151337418
9151374629
9151586513
9151667155
9151981437
9151413514
9151446842
9151480279
9151492933
9151506285
9151656523
9151712128
9151203701
9151520407
9151827258
9151898201
9151002424
9151012275
9151023080
9151023280
9151032476
9151044677
9151107457
9151110653
9151111906
9151113272
9151142958
9151216981
9151220459
9151225387
9151238351
9151246622
9151254577
9151257902
9151265026
9151267072
9151270252
9151278642
9151284500
9151284519
9151285205
9151285944
9151287188
9151287855
9151290507
9151290669
9151291314
9151292117
9151293893
9151294005
9151294367
9151295098
9151295154
9151295571
9151295691
9151296197
9151296207
9151296230
9151296511
9151296904
9151297714
9151297929
9151298632
9151299346
9151328623
9151330694
9151354335
9151365852
9151393678
9151404560
9151419421
9151422331
9151422419
9151428633
9151436137
9151472869
9151490136
9151498873
9151559518
9151579072
9151583472
9151600594
9151602131
9151602866
9151605593
9151615900
9151615926
9151651818
9151680037
9151752919
9151773897
9151774486
9151787834
9151874547
9151878478
9151893863
9151894846
9151895170
9151897336
9151897494
9151901045
9151902928
9151903163
9151903172
9151903953
9151905615
9151905944
9151906313
9151907502
9151908322
9151909150
9151909772
9151909927
9151909954
9151909963
9151910690
9151910865
9151915164
9151915257
9151915585
9151924931
9151928629
9151994089
9151205332
9151423031
9151499082
9151596422
9151636212
9151705709
9151717686
9151801328
9151896082
9151898170
9151179466
9151294967
9151308301
9151372124
9151581818
9151599193
9151615714
9151896126
9151363799
9151490206
9151540907
9151637715
9151714536
9151744753
9151907470
9151114336
9151261890
9151265058
9151354427
9151505693
9151620486
9151639700
9151685402
9151757419
9151773265
9151557301
9151563698
9151672069
9151730190
9151907314
9151020968
9151265942
9151496021
9151498109
9151602060
9151894305
9151909903
9151517520
9151577067
9151592557
9151600563
9151639341
9151670148
9151727812
9151825202
9151842417
9151894185
9151895970
9151087368
9151538752
9151684609
9151696691
9151830840
9151836868
9151863436
9151904655
9151908304
9151055380
9151298533
9151334841
9151461494
9151619014
9151824030
9151002759
9151025751
9151027428
9151033330
9151037788
9151043236
9151114338
9151239420
9151274974
9151296860
9151395756
9151432085
9151456125
9151477530
9151499319
9151524003
9151580262
9151753018
9151788100
9151902400
9151902545
9151906343
9151907762
9151908078
9151909856
9151910034
9151910107
9151913427
9151925044
9151930895
9151287863
9151384964
9151463852
9151819745
9151848014
9151863063
9151897937
9151909328
9151002641
9151304992
9151476124
9151534454
9151705320
9151991966
9151307438
9151324977
9151551136
9151575376
9151674742
9151773687
9151910108
9151926774
9151992090
9151042264
9151272303
9151275395
9151276044
9151288686
9151413628
9151438844
9151478833
9151500848
9151603035
9151651172
9151900226
9151909955
9151997548
9151289259
9151439922
9151508776
9151830854
9151905305
9151268648
9151365704
9151411393
9151418256
9151479457
9151552822
9151709944
9151720686
9151077856
9151362949
9151396478
9151482626
9151499711
9151546306
9151603409
9151847347
9151897193
9151274651
9151531604
9151681350
9151696207
9151697090
9151748014
9151775105
9151797685
9151811775
9151429788
9151434279
9151455372
9151552376
9151552762
9151670970
9151804968
9151818594
9151026942
9151029699
9151032456
9151080613
9151113754
9151171492
9151232781
9151235289
9151239234
9151272112
9151377615
9151387629
9151442876
9151448171
9151524675
9151617727
9151652194
9151694402
9151909213
9151920334
9151926465
9151304960
9151420495
9151517712
9151556499
9151720875
9151901508
9151984065
9151292676
9151337631
9151394951
9151494271
9151695981
9151786351
9151904237
9151923631
9151254145
9151431868
9151496176
9151584763
9151604212
9151704790
9151802320
9151898907
9151001062
9151375604
9151574965
9151664331
9151668496
9151768728
9151787440
9151902503
9151912554
9151593269
9151687884
9151832681
9151897733
9151212856
9151298332
9151423125
9151689790
9151696511
9151761217
9151783498
9151813243
9151910831
9151265741
9151348166
9151554713
9151763564
9151284017
9151295685
9151325976
9151509885
9151779548
9151879756
9151288318
9151708756
9151718406
9151746096
9151908372
9151916937
9151028471
9151194819
9151238125
9151287452
9151293647
9151387565
9151395133
9151694342
9151727917
9151760833
9151824659
9151856245
9151871313
9151893900
9151924175
9151927648
9151927837
9151984595
9151207782
9151265053
9151308463
9151430899
9151512217
9151617550
9151751651
9151088156
9151196033
9151302264
9151511869
9151539853
9151570588
9151653355
9151796009
9151837710
9151869212
9151088258
9151476973
9151611379
9151718945
9151768731
9151897973
9151296147
9151535256
9151598116
9151775296
9151912742
9151205537
9151267721
9151270279
9151295476
9151364764
9151411061
9151598602
9151669016
9151813187
9151485064
9151506676
9151591455
9151721454
9151798169
9151006560
9151326253
9151413312
9151552783
9151012133
9151041573
9151086146
9151414109
9151469474
9151520448
9151603509
9151603722
9151614896
9151752394
9151502804
9151764302
9151818578
9151826183
9151917523
9151012254
9151026993
9151029112
9151031517
9151034448
9151058884
9151281794
9151299791
9151353656
9151395210
9151397168
9151401287
9151578120
9151673098
9151774036
9151848794
9151894177
9151904585
9151905630
9151906562
9151906899
9151912622
9151914892
9151917029
9151922757
9151928229
9151581659
9151586717
9151655709
9151734921
9151754033
9151813877
9151175855
9151416151
9151516694
9151610116
9151620259
9151910030
9151396437
9151400917
9151517282
9151713676
9151785311
9151287874
9151296580
9151397847
9151636936
9151811597
9151904922
9151293638
9151307230
9151523381
9151687496
9151767366
9151821309
9151847400
9151985336
9151035811
9151172146
9151190878
9151197995
9151403066
9151508616
9151524099
9151612656
9151655911
9151689558
9151701461
9151905487
9151370057
9151375004
9151429688
9151471904
9151530625
9151698167
9151762997
9151914721
9151077685
9151087110
9151412797
9151526868
9151535297
9151751129
9151758976
9151889151
9151910843
9151466037
9151499171
9151786964
9151847965
9151857236
9151007893
9151023687
9151030283
9151030955
9151031345
9151053210
9151053455
9151113145
9151113292
9151114419
9151203293
9151207151
9151219820
9151231651
9151231775
9151231776
9151233806
9151236847
9151238074
9151239814
9151271202
9151284469
9151375012
9151381432
9151502753
9151578479
9151604728
9151620687
9151680609
9151685831
9151800900
9151805055
9151816955
9151881272
9151890633
9151896402
9151898858
9151901593
9151906266
9151907355
9151909220
9151909262
9151922828
9151927045
9151480280
9151517237
9151577341
9151591486
9151650897
9151747318
9151834953
9151896026
9151902883
9151905285
9151085846
9151413464
9151680166
9151683523
9151184467
9151512921
9151780831
9151841719
9151431081
9151610885
9151653558
9151822412
9151592578
9151635155
9151669021
9151728238
9151761978
9151901737
9151905700
9151017329
9151175232
9151278302
9151511807
9151682822
9151743620
9151821458
9151896249
9151921694
9151370229
9151491454
9151670206
9151912901
9151988732
9151992010
7520922214
9151504767
9151676823
9151744571
9151828408
9151369934
9151551927
9151606219
9151743740
9151774874
9151022846
9151026247
9151031631
9151110175
9151196262
9151205520
9151231510
9151232135
9151233659
9151235967
9151246940
9151274886
9151309765
9151694664
9151752599
9151836020
9151893780
9151899842
9151907884
9151915183
9151990839
9151280936
9151289309
9151995758
9151066513
9151289097
9151376341
9151472709
9151685318
9151699154
9151744125
9151891006
9151236001
9151470785
9151482170
9151503133
9151651924
9151690728
9151775528
9151899707
9151088933
9151322931
9151331414
9151425101
9151469969
9151472975
9151558072
9151725075
9151754912
9151794092
9151390569
9151472684
9151590946
9151608105
9151713592
9151764974
9151897557
9151914349
9151204593
9151263557
9151281745
9151284006
9151449161
9151453693
9151571713
9151768667
9151813812
9151984109
9151984246
9151281010
9151549062
9151563391
9151662581
9151814163
9151871180
9151925937
9151086581
9151191291
9151410593
9151413162
9151589366
9151616197
9151701824
9151823610
9151831927
9151085034
9151353392
9151496696
9151544155
9151847513
9151889092
9151891305
9151025170
9151087079
9151255747
9151268123
9151306012
9151373054
9151490914
9151493162
9151511884
9151603298
9151687468
9151689529
9151712436
9151753287
9151813535
9151844501
9151894966
9151895045
9151900106
9151905574
9151906996
9151923055
9151214253
9151401064
9151510499
9151557238
9151558404
9151570834
9151661436
9151668947
9151671795
9151681093
9151837852
9151855695
9151890558
9151080629
9151261868
9151279740