9141346089
8453513787
9141094381
9141751003
8453483455
8453367482
8453272726
9141423401
8453367482
9141039137
8710038968
9141170358
8453866599
8453975267
9141482877
8453385562
8453382904
8453293153
8453897576
8453025884
8453314015
8453738150
8453962808
9141945771
9141763088
8453857066
9141371147
8453971375
8694930618
8453293153
8453492097
9141398430
8453931523
8453066248
8453272726
8453992369
8453508735
8694937631
8694932831
8453503505
9141482877
8710830068
8453890430
9141398430
8453313568
9141738968
9141371147
9141291929
8710008603
8453242502
8453890430
9141170358
8453553365
8694917976
8453656873
8453729535
8710825560
9141102806
9141618020
9141578205
9141323352
8453960035
8453332135
8710839461
8453590270
9141069233
8453293153
8453492097
9141398430
8453931523
8453066248
8453272726
9141398430
8453476639
8453545167
8453866599
9141636430
8453382904
9141763088
8453857066
9141371147
8453971375
8694930618
8453293153
8453492097
9141398430
8453931523
8453066248
8453272726
8453332135
8453665031
8710000943
8453798767
9141943603
8710030528
9141040135
8453198178
8453272726
8453074658
8453837223
8694973323
8453066248
8453367827
8453483455
8694971263
9141636430
8453540548
8453092377
8710851293
8694932831
9141851294
8453818980
8453738150
8694913788
8453607182
9141482877
8453866599
8453975267
9141482877
8453385562
8453382904
8453293153
8453897576
8453025884
8453314015
8453738150
8453962808
9141945771
9141398430
8453476639
8453545167
8453866599
9141636430
8453382904
9141371147
9141291929
8710008603
8453242502
8453890430
9141170358
8453553365
8694917976
8453656873
8453729535
8710825560
9141102806
8453483455
9141069233
8453962808
8453315652
